1	1 
2	1 
3	1 
4	1 
5	2 
6	2 
7	2 
8	2 
9	1 
10	1 
11	2 
12	2 
13	1 
14	1 
15	1 
16	1 
17	1 
18	1 
19	1 
20	1 
21	2 
22	2 
23	1 
24	1 
25	1 
26	1 
27	1 
28	2 
29	2 
30	1 
31	1 
32	1 
33	2 
34	2 
35	2 
36	1 
37	1 
38	1 
39	1 
40	2 
41	1 
42	1 
43	1 
44	2 
45	1 
46	1 
47	2 
48	1 
49	1 
50	2 
51	1 
52	1 
53	1 
54	1 
55	2 
56	2 
57	2 
58	1 
59	1 
60	1 
61	2 
62	1 
63	1 
64	1 
65	2 
66	1 
67	1 
68	1 
69	1 
70	1 
71	2 
72	1 
73	1 
74	1 
75	1 
76	2 
77	1 
78	1 
79	1 
80	1 
81	1 
82	1 
83	2 
84	1 
85	1 
86	2 
87	2 
88	1 
89	1 
90	1 
91	1 
92	2 
93	2 
94	2 
95	2 
96	2 
97	1 
98	1 
99	1 
100	2 
101	2 
102	2 
103	1 
104	1 
105	1 
106	1 
107	2 
108	1 
109	2 
110	1 
111	2 
112	1 
113	2 
114	1 
115	1 
116	2 
117	1 
118	1 
119	1 
120	2 
121	2 
122	2 
123	1 
124	1 
125	2 
126	2 
127	1 
128	1 
129	1 
130	2 
131	1 
132	2 
133	2 
134	1 
135	1 
136	2 
137	1 
138	2 
139	1 
140	1 
141	1 
142	1 
143	1 
144	2 
145	1 
146	1 
147	1 
148	1 
149	1 
150	1 
151	1 
152	1 
153	2 
154	1 
155	1 
156	1 
157	2 
158	1 
159	1 
160	1 
161	1 
162	2 
163	1 
164	1 
165	2 
166	1 
167	2 
168	2 
169	1 
170	1 
171	1 
172	1 
173	1 
174	2 
175	1 
176	1 
177	1 
178	2 
179	1 
180	1 
181	2 
182	1 
183	1 
184	1 
185	2 
186	1 
187	1 
188	1 
189	2 
190	2 
191	1 
192	1 
193	1 
194	2 
195	1 
196	1 
197	2 
198	1 
199	1 
200	1 
201	1 
202	1 
203	2 
204	1 
205	1 
206	2 
207	2 
208	2 
209	2 
210	1 
211	1 
212	1 
213	1 
214	2 
215	1 
216	1 
217	2 
218	2 
219	1 
220	1 
221	2 
222	2 
223	1 
224	1 
225	2 
226	1 
227	1 
228	1 
229	1 
230	2 
231	2 
232	2 
233	1 
234	2 
235	2 
236	2 
237	1 
238	2 
239	2 
240	1 
241	1 
242	2 
243	2 
244	1 
245	1 
246	1 
247	1 
248	1 
249	1 
250	1 
251	2 
252	1 
253	2 
254	2 
255	1 
256	1 
257	2 
258	1 
259	2 
260	1 
261	2 
262	1 
263	1 
264	1 
265	2 
266	2 
267	2 
268	2 
269	1 
270	1 
271	2 
272	2 
273	1 
274	1 
275	1 
276	2 
277	2 
278	2 
279	1 
280	1 
281	1 
282	1 
283	1 
284	1 
285	1 
286	1 
287	1 
288	1 
289	1 
290	2 
291	1 
292	2 
293	1 
294	1 
295	1 
296	1 
297	1 
298	2 
299	2 
300	2 
301	1 
302	1 
303	1 
304	1 
305	1 
306	2 
307	1 
308	2 
309	1 
310	2 
311	1 
312	2 
313	1 
314	1 
315	2 
316	1 
317	2 
318	1 
319	2 
320	1 
321	2 
322	1 
323	1 
324	1 
325	1 
326	2 
327	2 
328	2 
329	2 
330	1 
331	2 
332	1 
333	1 
334	1 
335	1 
336	1 
337	1 
338	1 
339	1 
340	2 
341	2 
342	1 
343	2 
344	1 
345	2 
346	1 
347	2 
348	1 
349	1 
350	1 
351	1 
352	1 
353	1 
354	1 
355	1 
356	2 
357	1 
358	1 
359	1 
360	1 
361	1 
362	1 
363	2 
364	1 
365	1 
366	1 
367	2 
368	2 
369	2 
370	1 
371	2 
372	1 
373	1 
374	1 
375	2 
376	1 
377	2 
378	2 
379	2 
380	1 
381	1 
382	2 
383	2 
384	1 
385	1 
386	2 
387	2 
388	1 
389	2 
390	2 
391	1 
392	2 
393	2 
394	1 
395	1 
396	1 
397	2 
398	1 
399	2 
400	1 
401	1 
402	1 
403	1 
404	1 
405	1 
406	1 
407	2 
408	2 
409	2 
410	2 
411	2 
412	1 
413	1 
414	1 
415	2 
416	2 
417	1 
418	1 
419	1 
420	1 
421	2 
422	1 
423	2 
424	1 
425	1 
426	1 
427	1 
428	1 
429	1 
430	1 
431	2 
432	1 
433	1 
434	2 
435	1 
436	2 
437	1 
438	2 
439	2 
440	1 
441	1 
442	1 
443	1 
444	2 
445	2 
446	1 
447	2 
448	2 
449	2 
450	1 
451	2 
452	1 
453	1 
454	1 
455	1 
456	2 
457	1 
458	2 
459	1 
460	1 
461	1 
462	1 
463	2 
464	1 
465	1 
466	2 
467	1 
468	1 
469	1 
470	2 
471	1 
472	2 
473	1 
474	1 
475	1 
476	1 
477	2 
478	1 
479	1 
480	1 
481	2 
482	2 
483	1 
484	1 
485	1 
486	1 
487	2 
488	2 
489	1 
490	1 
491	1 
492	1 
493	2 
494	1 
495	1 
496	2 
497	1 
498	1 
499	2 
500	2 
501	1 
502	1 
503	2 
504	1 
505	2 
506	2 
507	1 
508	1 
509	1 
510	1 
511	1 
512	2 
513	2 
514	2 
515	1 
516	2 
517	2 
518	1 
519	1 
520	1 
521	2 
522	1 
523	2 
524	2 
525	2 
526	1 
527	2 
528	1 
529	2 
530	1 
531	1 
532	2 
533	2 
534	1 
535	1 
536	1 
537	2 
538	2 
539	1 
540	2 
541	2 
542	2 
543	2 
544	1 
545	1 
546	1 
547	1 
548	2 
549	2 
550	1 
551	2 
552	1 
553	1 
554	1 
555	1 
556	1 
557	1 
558	2 
559	1 
560	2 
561	1 
562	1 
563	1 
564	2 
565	1 
566	1 
567	2 
568	2 
569	1 
570	1 
571	1 
572	2 
573	1 
574	2 
575	1 
576	1 
577	2 
578	1 
579	2 
580	2 
581	1 
582	2 
583	2 
584	2 
585	1 
586	1 
587	1 
588	1 
589	2 
590	1 
591	1 
592	2 
593	1 
594	2 
595	2 
596	2 
597	1 
598	1 
599	2 
600	1 
601	1 
602	1 
603	1 
604	2 
605	2 
606	2 
607	2 
608	1 
609	1 
610	2 
611	1 
612	2 
613	1 
614	1 
615	1 
616	1 
617	2 
618	2 
619	2 
620	1 
621	1 
622	2 
623	1 
624	2 
625	2 
626	2 
627	2 
628	1 
629	1 
630	2 
631	2 
632	1 
633	1 
634	2 
635	2 
636	1 
637	2 
638	2 
639	2 
640	1 
641	1 
642	1 
643	1 
644	2 
645	1 
646	2 
647	1 
648	2 
649	1 
650	1 
651	1 
652	1 
653	1 
654	2 
655	1 
656	1 
657	1 
658	2 
659	2 
660	1 
661	1 
662	1 
663	1 
664	1 
665	2 
666	1 
667	1 
668	1 
669	1 
670	1 
671	2 
672	1 
673	1 
674	1 
675	1 
676	1 
677	1 
678	2 
679	2 
680	1 
681	2 
682	1 
683	1 
684	1 
685	1 
686	1 
687	2 
688	2 
689	1 
690	1 
691	1 
692	2 
693	2 
694	2 
695	1 
696	1 
697	2 
698	1 
699	2 
700	2 
701	2 
702	1 
703	1 
704	1 
705	1 
706	1 
707	2 
708	1 
709	1 
710	1 
711	1 
712	2 
713	2 
714	2 
715	2 
716	1 
717	2 
718	2 
719	2 
720	1 
721	2 
722	1 
723	1 
724	1 
725	1 
726	2 
727	2 
728	1 
729	2 
730	1 
731	2 
732	1 
733	2 
734	1 
735	2 
736	1 
737	2 
738	2 
739	1 
740	2 
741	1 
742	1 
743	1 
744	1 
745	1 
746	1 
747	1 
748	2 
749	1 
750	2 
751	1 
752	1 
753	2 
754	2 
755	2 
756	1 
757	2 
758	2 
759	1 
760	1 
761	1 
762	2 
763	1 
764	2 
765	2 
766	1 
767	2 
768	1 
769	1 
770	2 
771	1 
772	2 
773	2 
774	1 
775	2 
776	1 
777	2 
778	1 
779	2 
780	1 
781	1 
782	1 
783	1 
784	2 
785	1 
786	1 
787	1 
788	1 
789	1 
790	1 
791	1 
792	2 
793	1 
794	2 
795	2 
796	2 
797	1 
798	2 
799	2 
800	1 
801	2 
802	1 
803	1 
804	2 
805	2 
806	1 
807	2 
808	1 
809	1 
810	1 
811	2 
812	1 
813	1 
814	2 
815	2 
816	1 
817	2 
818	2 
819	2 
820	1 
821	1 
822	1 
823	1 
824	2 
825	2 
826	1 
827	1 
828	2 
829	1 
830	2 
831	1 
832	1 
833	2 
834	1 
835	2 
836	1 
837	1 
838	1 
839	1 
840	2 
841	1 
842	1 
843	1 
844	2 
845	1 
846	2 
847	2 
848	2 
849	2 
850	1 
851	2 
852	1 
853	1 
854	1 
855	1 
856	1 
857	2 
858	2 
859	2 
860	2 
861	1 
862	2 
863	2 
864	1 
865	1 
866	2 
867	2 
868	1 
869	1 
870	1 
871	1 
872	2 
873	1 
874	2 
875	1 
876	2 
877	1 
878	2 
879	1 
880	2 
881	2 
882	1 
883	1 
884	1 
885	2 
886	1 
887	1 
888	1 
889	1 
890	2 
891	1 
892	1 
893	1 
894	2 
895	1 
896	2 
897	1 
898	2 
899	1 
900	1 
901	2 
902	1 
903	1 
904	1 
905	2 
906	1 
907	1 
908	1 
909	1 
910	1 
911	1 
912	1 
913	1 
914	2 
915	2 
916	1 
917	1 
918	1 
919	2 
920	1 
921	1 
922	2 
923	2 
924	2 
925	1 
926	2 
927	1 
928	1 
929	1 
930	2 
931	1 
932	1 
933	1 
934	1 
935	2 
936	2 
937	1 
938	1 
939	2 
940	1 
941	2 
942	1 
943	1 
944	1 
945	2 
946	1 
947	1 
948	1 
949	1 
950	2 
951	1 
952	2 
953	2 
954	1 
955	2 
956	2 
957	2 
958	1 
959	2 
960	2 
961	1 
962	2 
963	2 
964	2 
965	2 
966	1 
967	1 
968	1 
969	1 
970	1 
971	1 
972	2 
973	1 
974	1 
975	2 
976	1 
977	2 
978	1 
979	2 
980	1 
981	2 
982	2 
983	1 
984	2 
985	1 
986	1 
987	1 
988	1 
989	1 
990	2 
991	2 
992	2 
993	2 
994	1 
995	1 
996	1 
997	1 
998	1 
999	2 
1000	1 
