1	34
1	508
1	615
1	619
1	761
1	877
1	894
1	940
1	943
1	956
1	991
2	165
2	267
2	377
2	590
2	624
2	641
2	888
2	913
2	916
2	918
2	937
3	35
3	168
3	186
3	418
3	538
3	713
3	744
3	766
3	888
3	916
3	954
4	103
4	123
4	217
4	227
4	243
4	419
4	515
4	621
4	699
4	825
4	873
5	26
5	57
5	79
5	223
5	292
5	558
5	619
5	694
5	893
5	919
5	927
6	261
6	627
6	633
6	835
6	877
6	938
6	944
6	946
6	971
6	973
6	984
7	166
7	269
7	527
7	795
7	809
7	859
7	922
7	978
7	979
7	984
7	985
8	127
8	339
8	574
8	634
8	639
8	649
8	771
8	803
8	914
8	960
8	977
9	49
9	79
9	139
9	321
9	591
9	653
9	672
9	856
9	896
9	937
9	955
10	141
10	288
10	380
10	405
10	410
10	462
10	618
10	638
10	774
10	902
10	983
11	25
11	87
11	92
11	284
11	367
11	502
11	782
11	800
11	855
11	947
11	955
12	61
12	246
12	282
12	345
12	357
12	378
12	613
12	636
12	721
12	763
12	936
13	57
13	304
13	434
13	573
13	579
13	702
13	766
13	863
13	887
13	926
13	939
14	81
14	249
14	275
14	369
14	554
14	600
14	654
14	776
14	929
14	974
14	982
15	75
15	465
15	586
15	695
15	721
15	762
15	858
15	864
15	893
15	926
15	937
16	214
16	366
16	369
16	506
16	629
16	660
16	856
16	865
16	936
16	956
16	999
17	86
17	264
17	446
17	452
17	548
17	551
17	798
17	866
17	897
18	117
18	373
18	548
18	589
18	622
18	674
18	679
18	689
18	900
18	916
18	931
19	13
19	124
19	536
19	591
19	636
19	638
19	749
19	750
19	844
19	962
19	983
20	332
20	407
20	595
20	700
20	776
20	842
20	906
20	953
20	966
20	986
20	990
21	59
21	112
21	186
21	371
21	482
21	735
21	767
21	804
21	909
21	924
21	958
22	60
22	191
22	252
22	301
22	370
22	469
22	573
22	750
22	782
22	857
22	938
23	258
23	264
23	419
23	571
23	708
23	760
23	844
23	879
23	908
23	941
23	947
24	90
24	271
24	461
24	584
24	617
24	652
24	826
24	847
24	929
24	936
24	969
25	11
25	537
25	572
25	635
25	751
25	773
25	774
25	782
25	785
25	837
25	849
26	164
26	261
26	350
26	529
26	570
26	748
26	753
26	794
26	927
26	943
26	944
27	106
27	148
27	320
27	364
27	438
27	440
27	650
27	668
27	683
27	775
27	906
28	92
28	205
28	375
28	659
28	683
28	708
28	710
28	896
28	935
28	975
28	994
29	34
29	54
29	201
29	333
29	668
29	687
29	828
29	881
29	889
29	923
29	988
30	60
30	200
30	293
30	420
30	554
30	784
30	796
30	816
30	908
30	936
30	969
31	52
31	82
31	133
31	285
31	462
31	566
31	633
31	704
31	741
31	785
31	939
32	163
32	359
32	400
32	414
32	437
32	442
32	476
32	479
32	527
32	631
32	944
33	223
33	296
33	387
33	391
33	395
33	575
33	598
33	628
33	742
33	835
33	941
34	170
34	263
34	347
34	598
34	621
34	631
34	798
34	842
34	937
34	968
34	990
35	142
35	482
35	620
35	693
35	701
35	836
35	882
35	905
35	909
35	964
35	996
36	219
36	239
36	360
36	405
36	477
36	490
36	525
36	692
36	719
36	761
36	979
37	125
37	281
37	492
37	770
37	792
37	845
37	846
37	935
37	963
37	976
37	995
38	108
38	233
38	379
38	543
38	552
38	602
38	634
38	667
38	693
38	949
38	972
39	159
39	474
39	609
39	648
39	667
39	675
39	783
39	845
39	952
39	972
39	987
40	377
40	498
40	618
40	779
40	869
40	872
40	907
40	910
40	954
40	962
40	981
41	13
41	158
41	327
41	367
41	551
41	754
41	780
41	822
41	863
41	900
41	928
42	117
42	358
42	483
42	488
42	715
42	796
42	852
42	874
42	885
42	933
42	961
43	305
43	351
43	400
43	421
43	428
43	613
43	766
43	894
43	928
43	960
43	998
44	28
44	38
44	61
44	142
44	179
44	210
44	284
44	565
44	906
44	931
44	942
45	206
45	532
45	686
45	790
45	862
45	875
45	881
45	901
45	924
45	951
45	965
46	121
46	131
46	550
46	599
46	740
46	779
46	823
46	876
46	900
46	958
46	996
47	230
47	377
47	433
47	533
47	602
47	827
47	860
47	886
47	927
47	968
47	969
48	557
48	561
48	608
48	611
48	627
48	674
48	753
48	843
48	844
48	916
48	919
49	192
49	341
49	407
49	651
49	713
49	801
49	833
49	845
49	848
49	896
49	918
50	27
50	147
50	238
50	357
50	402
50	430
50	526
50	867
50	880
50	923
50	989
51	287
51	333
51	471
51	486
51	649
51	684
51	804
51	889
51	895
51	923
51	995
52	59
52	98
52	225
52	343
52	560
52	618
52	655
52	741
52	865
52	933
52	972
53	114
53	202
53	232
53	484
53	797
53	868
53	870
53	899
53	938
53	965
53	997
54	172
54	246
54	279
54	384
54	390
54	602
54	834
54	919
54	927
54	968
54	969
55	110
55	502
55	537
55	677
55	736
55	737
55	846
55	855
55	932
55	935
55	950
56	228
56	386
56	397
56	528
56	571
56	797
56	829
56	838
56	879
56	883
56	908
57	236
57	260
57	450
57	551
57	751
57	753
57	780
57	863
57	874
57	887
57	954
58	47
58	384
58	490
58	566
58	784
58	827
58	834
58	871
58	951
58	968
58	969
59	407
59	545
59	835
59	842
59	867
59	896
59	906
59	953
59	966
59	986
59	989
60	18
60	30
60	262
60	420
60	456
60	599
60	796
60	816
60	857
60	912
60	988
61	74
61	210
61	552
61	729
61	737
61	812
61	828
61	879
61	898
61	912
61	997
62	206
62	227
62	456
62	552
62	557
62	680
62	849
62	862
62	901
62	951
62	965
63	42
63	134
63	201
63	312
63	370
63	549
63	656
63	661
63	790
63	902
63	998
64	34
64	63
64	134
64	197
64	565
64	698
64	722
64	729
64	813
64	851
64	861
65	19
65	109
65	197
65	289
65	303
65	318
65	560
65	709
65	882
65	909
65	926
66	392
66	499
66	512
66	571
66	599
66	616
66	722
66	823
66	895
66	966
66	995
67	364
67	472
67	644
67	647
67	661
67	666
67	745
67	798
67	807
67	826
67	882
68	99
68	242
68	392
68	460
68	539
68	547
68	619
68	821
68	941
68	954
68	989
69	7
69	222
69	399
69	478
69	498
69	528
69	603
69	743
69	813
69	902
69	987
70	517
70	546
70	585
70	663
70	802
70	854
70	887
70	892
70	937
70	980
70	988
71	127
71	247
71	339
71	494
71	803
71	804
71	906
71	914
71	960
71	975
71	977
72	185
72	194
72	308
72	389
72	420
72	456
72	710
72	728
72	911
72	974
72	997
73	189
73	245
73	678
73	809
73	858
73	859
73	910
73	937
73	978
73	979
73	992
74	38
74	44
74	142
74	210
74	552
74	588
74	754
74	858
74	919
74	959
74	961
75	313
75	380
75	457
75	562
75	580
75	729
75	740
75	807
75	926
75	930
75	1000
76	26
76	52
76	336
76	576
76	586
76	671
76	742
76	775
76	789
76	830
76	837
77	41
77	304
77	338
77	552
77	702
77	708
77	780
77	836
77	887
77	892
77	932
78	139
78	309
78	628
78	643
78	693
78	816
78	896
78	955
78	964
78	970
78	996
79	9
79	89
79	108
79	237
79	508
79	804
79	811
79	881
79	955
79	976
79	996
80	71
80	117
80	121
80	153
80	166
80	212
80	426
80	599
80	621
80	707
80	876
81	69
81	323
81	478
81	498
81	528
81	564
81	733
81	783
81	810
81	921
81	952
82	31
82	38
82	167
82	270
82	311
82	350
82	549
82	606
82	741
82	777
82	875
83	101
83	221
83	260
83	431
83	483
83	783
83	894
83	920
83	933
83	942
83	961
84	69
84	324
84	429
84	522
84	527
84	556
84	584
84	771
84	885
84	900
84	929
85	257
85	492
85	545
85	598
85	706
85	761
85	783
85	808
85	897
85	984
85	996
86	14
86	42
86	316
86	446
86	524
86	548
86	752
86	783
86	790
86	950
86	978
87	250
87	397
87	513
87	719
87	782
87	785
87	841
87	849
87	853
87	950
87	972
88	298
88	341
88	466
88	645
88	688
88	822
88	862
88	892
88	941
88	952
88	987
89	406
89	504
89	508
89	550
89	556
89	571
89	646
89	660
89	858
89	943
89	950
90	24
90	38
90	413
90	461
90	587
90	617
90	688
90	743
90	804
90	940
90	989
91	169
91	272
91	365
91	501
91	503
91	551
91	611
91	774
91	892
91	970
91	993
92	325
92	652
92	659
92	752
92	861
92	890
92	911
92	930
92	945
92	950
92	975
93	345
93	424
93	580
93	586
93	654
93	717
93	731
93	762
93	893
93	959
93	1000
94	1
94	254
94	399
94	549
94	585
94	648
94	762
94	872
94	908
94	933
94	987
95	70
95	131
95	424
95	434
95	497
95	534
95	824
95	876
95	980
95	982
95	988
96	178
96	363
96	422
96	446
96	460
96	511
96	750
96	808
96	835
96	908
96	913
97	85
97	160
97	371
97	377
97	385
97	415
97	437
97	602
97	677
97	912
97	999
98	107
98	331
98	338
98	672
98	675
98	741
98	808
98	847
98	901
98	946
98	963
99	68
99	142
99	224
99	240
99	392
99	418
99	547
99	716
99	764
99	922
99	983
100	445
100	524
100	563
100	589
100	629
100	632
100	658
100	679
100	885
100	964
100	968
101	11
101	440
101	642
101	655
101	725
101	768
101	819
101	880
101	898
101	976
101	989
102	273
102	583
102	603
102	734
102	744
102	749
102	769
102	872
102	948
102	954
102	981
103	111
103	157
103	449
103	471
103	593
103	751
103	806
103	837
103	847
103	883
103	918
104	29
104	114
104	137
104	245
104	291
104	318
104	353
104	542
104	620
104	902
104	919
105	144
105	330
105	336
105	356
105	710
105	732
105	855
105	934
105	945
105	950
105	994
106	139
106	265
106	405
106	438
106	463
106	494
106	575
106	619
106	650
106	908
106	925
107	139
107	145
107	160
107	271
107	567
107	601
107	742
107	788
107	913
107	989
107	999
108	51
108	189
108	267
108	434
108	466
108	712
108	767
108	845
108	936
108	946
108	999
109	428
109	487
109	545
109	595
109	619
109	622
109	818
109	888
109	927
109	952
109	996
110	390
110	576
110	834
110	859
110	882
110	898
110	919
110	946
110	968
110	969
110	993
111	193
111	279
111	292
111	318
111	541
111	607
111	671
111	742
111	775
111	789
111	859
112	124
112	129
112	313
112	467
112	670
112	767
112	871
112	901
112	909
112	934
112	974
113	287
113	459
113	513
113	613
113	630
113	720
113	757
113	761
113	944
113	952
113	974
114	92
114	98
114	383
114	458
114	505
114	694
114	746
114	797
114	938
114	957
114	997
115	436
115	614
115	701
115	755
115	759
115	872
115	877
115	927
115	932
115	942
115	961
116	242
116	255
116	382
116	557
116	603
116	753
116	833
116	843
116	848
116	916
116	930
117	149
117	570
117	597
117	679
117	689
117	922
117	945
117	971
117	985
117	993
117	998
118	44
118	225
118	231
118	243
118	345
118	366
118	444
118	500
118	663
118	676
118	893
119	188
119	542
119	547
119	608
119	689
119	706
119	746
119	787
119	793
119	973
119	980
120	325
120	336
120	393
120	709
120	710
120	778
120	794
120	930
120	975
120	993
120	994
121	158
121	166
121	228
121	232
121	485
121	672
121	702
121	714
121	823
121	827
121	876
122	147
122	169
122	244
122	250
122	592
122	698
122	778
122	869
122	894
122	932
122	982
123	506
123	594
123	633
123	738
123	758
123	791
123	817
123	828
123	898
123	957
123	973
124	21
124	129
124	767
124	772
124	803
124	804
124	837
124	909
124	934
124	959
124	997
125	110
125	384
125	433
125	461
125	471
125	517
125	670
125	788
125	968
125	969
125	989
126	84
126	179
126	269
126	418
126	497
126	623
126	746
126	880
126	915
126	926
126	983
127	8
127	574
127	649
127	733
127	743
127	810
127	824
127	914
127	960
127	968
127	977
128	172
128	708
128	755
128	759
128	792
128	813
128	868
128	932
128	962
128	976
128	993
129	163
129	316
129	625
129	757
129	767
129	771
129	804
129	833
129	909
129	934
129	988
130	131
130	172
130	328
130	353
130	488
130	611
130	664
130	770
130	880
130	892
130	970
131	7
131	320
131	369
131	444
131	483
131	499
131	650
131	660
131	677
131	823
131	990
132	3
132	4
132	30
132	60
132	579
132	673
132	712
132	796
132	816
132	848
132	865
133	40
133	192
133	196
133	273
133	334
133	510
133	779
133	813
133	954
133	965
133	981
134	64
134	315
134	404
134	451
134	663
134	741
134	909
134	915
134	961
134	966
134	998
135	6
135	138
135	469
135	513
135	610
135	808
135	843
135	871
135	886
135	956
135	976
136	408
136	451
136	495
136	713
136	781
136	787
136	814
136	915
136	931
136	976
136	983
137	14
137	277
137	304
137	353
137	365
137	542
137	624
137	639
137	725
137	747
137	770
138	119
138	323
138	372
138	511
138	562
138	621
138	664
138	668
138	843
138	952
138	973
139	79
139	102
139	509
139	700
139	881
139	895
139	896
139	905
139	955
139	959
139	996
140	148
140	487
140	632
140	691
140	694
140	740
140	777
140	837
140	866
140	928
140	972
141	10
141	12
141	472
141	563
141	657
141	665
141	697
141	784
141	820
141	860
141	912
142	44
142	61
142	74
142	284
142	368
142	541
142	552
142	855
142	937
142	968
142	994
143	48
143	49
143	247
143	766
143	801
143	848
143	879
143	888
143	927
143	985
143	999
144	372
144	444
144	540
144	690
144	691
144	761
144	783
144	790
144	843
144	912
144	973
145	167
145	447
145	488
145	554
145	600
145	654
145	723
145	769
145	791
145	960
145	992
146	184
146	290
146	391
146	573
146	601
146	604
146	747
146	812
146	863
146	888
146	937
147	169
147	224
147	244
147	312
147	438
147	592
147	619
147	794
147	884
147	959
147	974
148	503
148	529
148	589
148	691
148	740
148	745
148	777
148	820
148	837
148	866
148	954
149	609
149	616
149	645
149	672
149	679
149	840
149	893
149	941
149	949
149	981
149	987
150	224
150	362
150	421
150	425
150	464
150	486
150	635
150	772
150	796
150	822
150	850
151	24
151	90
151	276
151	371
151	461
151	537
151	617
151	652
151	703
151	807
151	860
152	227
152	441
152	493
152	578
152	614
152	750
152	799
152	804
152	849
152	872
152	913
153	46
153	80
153	515
153	599
153	695
153	823
153	842
153	876
153	931
153	973
153	982
154	146
154	319
154	358
154	432
154	584
154	601
154	744
154	747
154	818
154	877
154	937
155	104
155	223
155	240
155	262
155	330
155	331
155	558
155	705
155	818
155	870
155	927
156	22
156	261
156	290
156	326
156	420
156	469
156	659
156	817
156	822
156	904
156	917
157	266
157	402
157	430
157	489
157	752
157	824
157	844
157	888
157	898
157	976
157	989
158	66
158	599
158	616
158	627
158	755
158	800
158	823
158	876
158	903
158	939
158	960
159	120
159	265
159	314
159	394
159	460
159	648
159	891
159	893
159	899
159	949
159	952
160	370
160	448
160	516
160	638
160	639
160	685
160	690
160	801
160	852
160	872
160	912
161	171
161	568
161	598
161	604
161	637
161	705
161	711
161	748
161	784
161	935
161	979
162	181
162	241
162	870
162	885
162	907
162	911
162	944
162	946
162	971
162	984
162	999
163	100
163	259
163	278
163	321
163	454
163	563
163	589
163	608
163	632
163	658
163	978
164	188
164	429
164	525
164	558
164	669
164	742
164	760
164	818
164	833
164	927
164	958
165	36
165	48
165	83
165	299
165	435
165	733
165	782
165	815
165	833
165	916
165	936
166	46
166	171
166	441
166	616
166	692
166	823
166	876
166	888
166	933
166	936
166	972
167	20
167	501
167	510
167	588
167	774
167	844
167	892
167	915
167	932
167	970
167	978
168	179
168	195
168	283
168	334
168	363
168	477
168	487
168	511
168	622
168	857
168	943
169	122
169	224
169	238
169	513
169	592
169	657
169	738
169	822
169	884
169	908
169	961
170	190
170	354
170	452
170	458
170	631
170	749
170	772
170	793
170	831
170	954
170	983
171	161
171	182
171	465
171	568
171	582
171	637
171	681
171	711
171	925
171	934
171	999
172	115
172	614
172	686
172	701
172	725
172	755
172	761
172	868
172	886
172	932
172	993
173	33
173	256
173	270
173	358
173	476
173	479
173	646
173	810
173	852
173	962
173	981
174	118
174	231
174	274
174	482
174	520
174	590
174	735
174	814
174	915
174	964
174	995
175	177
175	416
175	464
175	470
175	635
175	699
175	737
175	772
175	822
175	924
175	970
176	72
176	537
176	603
176	647
176	687
176	689
176	693
176	710
176	834
176	902
176	974
177	356
177	425
177	464
177	594
177	772
177	822
177	863
177	869
177	916
177	938
177	970
178	303
178	592
178	669
178	750
178	765
178	805
178	857
178	939
178	946
178	958
178	969
179	104
179	291
179	330
179	356
179	379
179	467
179	635
179	673
179	723
179	915
179	967
180	40
180	62
180	240
180	372
180	723
180	728
180	748
180	891
180	914
180	936
180	982
181	159
181	215
181	265
181	631
181	645
181	665
181	941
181	949
181	952
181	987
182	189
182	466
182	509
182	637
182	711
182	795
182	802
182	837
182	867
182	984
183	78
183	219
183	358
183	874
183	885
183	894
183	920
183	942
183	961
183	986
184	154
184	417
184	512
184	604
184	697
184	744
184	872
184	897
184	937
184	963
185	76
185	133
185	459
185	527
185	595
185	638
185	667
185	685
185	709
185	786
186	165
186	253
186	382
186	561
186	726
186	788
186	815
186	833
186	893
186	933
187	118
187	120
187	495
187	520
187	559
187	703
187	814
187	830
187	838
187	994
188	26
188	109
188	164
188	619
188	641
188	850
188	904
188	927
188	989
188	1000
189	532
189	641
189	678
189	790
189	847
189	859
189	917
189	925
189	979
189	995
190	182
190	263
190	352
190	631
190	633
190	790
190	924
190	938
190	967
190	977
191	429
191	466
191	577
191	629
191	739
191	869
191	936
191	956
191	985
191	999
192	350
192	417
192	530
192	583
192	618
192	805
192	922
192	948
192	954
192	981
193	35
193	152
193	213
193	443
193	473
193	535
193	815
193	838
193	892
193	917
194	86
194	296
194	308
194	544
194	566
194	579
194	620
194	647
194	803
194	832
195	194
195	578
195	579
195	612
195	704
195	839
195	857
195	913
195	914
195	939
196	133
196	220
196	237
196	540
196	727
196	910
196	922
196	948
196	981
196	985
197	150
197	201
197	346
197	370
197	455
197	559
197	685
197	725
197	974
197	993
198	232
198	329
198	417
198	463
198	496
198	597
198	831
198	908
198	921
198	957
199	422
199	541
199	572
199	580
199	857
199	894
199	913
199	978
199	983
199	996
200	546
200	675
200	680
200	723
200	875
200	890
200	901
200	936
200	951
200	965
201	35
201	64
201	140
201	315
201	370
201	564
201	811
201	850
201	865
201	884
202	294
202	396
202	468
202	491
202	580
202	674
202	869
202	905
202	909
202	932
203	50
203	565
203	575
203	636
203	642
203	768
203	864
203	898
203	933
203	990
204	208
204	372
204	398
204	570
204	585
204	695
204	728
204	825
204	857
204	947
205	28
205	380
205	710
205	743
205	752
205	764
205	853
205	890
205	930
205	945
206	2
206	174
206	326
206	686
206	790
206	838
206	875
206	901
206	951
206	965
207	248
207	354
207	423
207	463
207	543
207	647
207	717
207	739
207	860
208	170
208	440
208	570
208	723
208	728
208	748
208	822
208	846
208	861
208	903
209	329
209	682
209	688
209	723
209	754
209	905
209	925
209	939
209	971
209	998
210	38
210	51
210	74
210	241
210	284
210	495
210	638
210	720
210	976
210	982
211	251
211	398
211	435
211	553
211	606
211	686
211	738
211	802
211	904
211	913
212	99
212	199
212	314
212	704
212	722
212	857
212	879
212	884
212	913
212	983
213	195
213	218
213	304
213	443
213	473
213	535
213	671
213	721
213	765
213	831
214	15
214	108
214	264
214	292
214	366
214	856
214	876
214	956
214	985
214	999
215	23
215	187
215	256
215	302
215	597
215	776
215	884
215	908
215	947
215	979
216	1
216	508
216	521
216	645
216	696
216	781
216	796
216	896
216	955
216	996
217	135
217	204
217	403
217	481
217	603
217	651
217	778
217	832
217	942
217	992
218	5
218	24
218	176
218	384
218	423
218	466
218	720
218	730
218	899
218	985
219	138
219	206
219	245
219	490
219	525
219	694
219	719
219	918
219	967
219	968
220	577
220	626
220	763
220	779
220	872
220	910
220	933
220	948
220	954
220	981
221	35
221	204
221	307
221	384
221	423
221	571
221	716
221	903
221	974
221	978
222	6
222	33
222	75
222	355
222	560
222	727
222	877
222	880
222	946
222	971
223	408
223	432
223	558
223	605
223	725
223	818
223	927
223	932
223	956
223	965
224	46
224	122
224	244
224	383
224	592
224	733
224	817
224	854
224	953
224	986
225	127
225	171
225	183
225	317
225	732
225	848
225	889
225	908
225	932
225	965
226	410
226	445
226	563
226	591
226	690
226	731
226	748
226	823
226	897
226	912
227	91
227	323
227	419
227	610
227	746
227	793
227	815
227	872
227	912
227	963
228	156
228	175
228	215
228	571
228	588
228	590
228	597
228	830
228	883
228	947
229	17
229	160
229	381
229	524
229	553
229	606
229	644
229	862
229	911
229	978
230	138
230	390
230	419
230	428
230	671
230	788
230	796
230	919
230	968
230	969
231	368
231	559
231	563
231	781
231	820
231	867
231	915
231	928
231	964
231	997
232	41
232	383
232	395
232	484
232	505
232	858
232	938
232	956
232	957
232	997
233	302
233	391
233	487
233	539
233	604
233	656
233	724
233	887
233	944
233	948
234	17
234	174
234	273
234	824
234	865
234	901
234	928
234	931
234	955
234	995
235	431
235	715
235	796
235	821
235	933
235	942
235	943
235	962
235	967
235	991
236	154
236	335
236	621
236	668
236	706
236	843
236	854
236	886
236	905
236	950
237	705
237	756
237	858
237	885
237	922
237	943
237	961
237	962
237	965
237	991
238	50
238	374
238	510
238	694
238	729
238	819
238	898
238	976
238	988
238	989
239	351
239	360
239	515
239	525
239	586
239	629
239	678
239	719
239	888
239	953
240	5
240	223
240	818
240	826
240	845
240	927
240	935
240	938
240	945
240	990
241	105
241	158
241	532
241	707
241	727
241	870
241	907
241	944
241	954
241	989
242	68
242	351
242	360
242	547
242	636
242	737
242	779
242	853
242	889
242	974
243	118
243	264
243	345
243	407
243	491
243	645
243	663
243	741
243	875
243	916
244	26
244	151
244	353
244	430
244	671
244	798
244	821
244	879
244	959
244	971
245	7
245	73
245	505
245	564
245	697
245	735
245	858
245	917
245	922
245	979
246	389
246	616
246	623
246	653
246	727
246	763
246	787
246	856
246	862
246	1000
247	112
247	216
247	253
247	272
247	321
247	536
247	793
247	955
247	992
247	996
248	207
248	354
248	451
248	463
248	499
248	543
248	632
248	679
248	861
248	940
249	81
249	403
249	517
249	595
249	605
249	654
249	769
249	889
249	892
249	910
250	104
250	277
250	353
250	531
250	542
250	606
250	609
250	807
250	865
250	961
251	80
251	211
251	435
251	455
251	492
251	503
251	795
251	817
251	855
251	876
252	130
252	167
252	316
252	664
252	691
252	855
252	892
252	955
252	970
252	984
253	97
253	492
253	629
253	679
253	685
253	690
253	783
253	887
253	897
253	984
254	31
254	94
254	461
254	468
254	535
254	549
254	585
254	746
254	852
254	903
255	86
255	206
255	538
255	561
255	714
255	815
255	833
255	888
255	913
255	991
256	32
256	173
256	221
256	243
256	355
256	359
256	476
256	578
256	612
256	916
257	471
257	475
257	607
257	728
257	785
257	787
257	808
257	853
257	873
257	973
258	147
258	571
258	708
258	739
258	741
258	749
258	806
258	837
258	908
258	947
259	187
259	265
259	307
259	321
259	460
259	849
259	891
259	940
259	941
259	987
260	77
260	115
260	126
260	342
260	551
260	718
260	734
260	780
260	796
260	839
261	465
261	569
261	625
261	682
261	726
261	773
261	786
261	853
261	986
261	992
262	247
262	484
262	735
262	801
262	812
262	814
262	816
262	907
262	910
262	934
263	34
263	190
263	332
263	347
263	631
263	713
263	753
263	895
263	977
263	999
264	229
264	466
264	522
264	599
264	920
264	936
264	956
264	976
264	985
264	999
265	411
265	628
265	653
265	663
265	667
265	712
265	940
265	941
265	956
265	987
266	267
266	373
266	412
266	501
266	565
266	643
266	695
266	864
266	920
266	989
267	292
267	493
267	727
267	845
267	869
267	918
267	925
267	936
267	956
267	999
268	234
268	531
268	703
268	759
268	834
268	838
268	877
268	964
268	995
268	1000
269	564
269	592
269	593
269	788
269	858
269	859
269	917
269	922
269	978
269	979
270	10
270	173
270	256
270	359
270	476
270	491
270	730
270	820
270	829
270	951
271	84
271	458
271	464
271	465
271	584
271	646
271	893
271	950
271	972
272	281
272	643
272	696
272	728
272	873
272	881
272	926
272	960
272	977
272	996
273	102
273	192
273	237
273	618
273	645
273	872
273	910
273	915
273	954
273	981
274	306
274	328
274	433
274	600
274	706
274	825
274	886
274	934
274	973
274	988
275	207
275	280
275	307
275	417
275	684
275	714
275	795
275	900
275	980
275	998
276	218
276	457
276	467
276	566
276	647
276	720
276	823
276	886
276	931
276	974
277	137
277	211
277	250
277	686
277	719
277	805
277	841
277	890
277	935
277	967
278	141
278	300
278	445
278	532
278	563
278	745
278	747
278	816
278	934
278	996
279	329
279	337
279	607
279	655
279	705
279	715
279	756
279	786
279	814
279	961
280	518
280	624
280	629
280	684
280	776
280	812
280	827
280	840
280	900
280	961
281	11
281	62
281	555
281	573
281	846
281	871
281	878
281	930
281	935
281	963
282	12
282	37
282	199
282	265
282	375
282	720
282	721
282	763
282	921
282	985
283	272
283	382
283	593
283	658
283	801
283	877
283	955
283	964
283	973
283	996
284	147
284	266
284	530
284	566
284	580
284	672
284	694
284	740
284	785
284	957
285	31
285	52
285	98
285	331
285	593
285	741
285	843
285	868
285	912
285	1000
286	23
286	374
286	597
286	642
286	789
286	825
286	829
286	884
286	908
286	976
287	9
287	439
287	530
287	695
287	729
287	731
287	762
287	893
287	978
287	1000
288	298
288	495
288	630
288	814
288	881
288	889
288	915
288	928
288	964
288	995
289	65
289	185
289	221
289	271
289	506
289	560
289	582
289	709
289	865
289	911
290	157
290	203
290	306
290	339
290	575
290	715
290	880
290	976
290	989
290	996
291	194
291	486
291	698
291	716
291	770
291	792
291	800
291	857
291	935
291	963
292	349
292	493
292	754
292	758
292	799
292	856
292	869
292	880
292	936
292	999
293	132
293	262
293	579
293	609
293	761
293	796
293	816
293	848
293	878
293	948
294	136
294	612
294	666
294	674
294	739
294	783
294	829
294	850
294	951
294	994
295	55
295	259
295	463
295	470
295	501
295	526
295	538
295	785
295	842
295	849
296	56
296	588
296	656
296	708
296	749
296	829
296	884
296	892
296	894
296	951
297	22
297	156
297	326
297	469
297	665
297	942
297	971
297	979
297	980
298	477
298	590
298	665
298	670
298	891
298	914
298	940
298	942
298	950
298	987
299	116
299	295
299	322
299	326
299	360
299	693
299	726
299	767
299	801
299	848
300	146
300	159
300	184
300	447
300	645
300	711
300	753
300	798
300	937
300	948
301	6
301	216
301	238
301	283
301	314
301	320
301	593
301	643
301	904
301	996
302	75
302	165
302	233
302	391
302	487
302	539
302	584
302	656
302	833
302	982
303	369
303	421
303	437
303	463
303	512
303	521
303	523
303	944
303	961
303	975
304	13
304	231
304	268
304	520
304	718
304	738
304	812
304	863
304	887
304	989
305	30
305	43
305	351
305	400
305	428
305	439
305	701
305	775
305	900
305	928
306	124
306	227
306	361
306	493
306	621
306	808
306	880
306	936
306	944
306	970
307	336
307	415
307	544
307	553
307	626
307	701
307	755
307	759
307	932
307	993
308	221
308	482
308	613
308	651
308	822
308	836
308	883
308	916
308	958
308	973
309	64
309	395
309	486
309	568
309	591
309	598
309	628
309	761
309	942
309	984
310	258
310	261
310	754
310	760
310	773
310	925
310	930
310	939
310	961
310	978
311	81
311	319
311	501
311	524
311	737
311	802
311	824
311	906
311	929
311	982
312	218
312	482
312	579
312	622
312	673
312	832
312	836
312	882
312	918
312	967
313	58
313	218
313	246
313	282
313	393
313	547
313	623
313	721
313	763
313	964
314	115
314	123
314	446
314	500
314	633
314	738
314	791
314	970
314	978
314	1000
315	197
315	214
315	275
315	304
315	592
315	596
315	788
315	856
315	857
315	980
316	91
316	112
316	348
316	376
316	670
316	767
316	903
316	909
316	934
316	971
317	29
317	118
317	172
317	225
317	243
317	345
317	424
317	658
317	663
317	856
318	671
318	742
318	775
318	789
318	830
318	870
318	871
318	918
318	941
318	995
319	662
319	680
319	854
319	871
319	905
319	929
319	977
319	980
319	982
319	988
320	322
320	438
320	473
320	650
320	777
320	786
320	843
320	854
320	873
320	949
321	283
321	301
321	350
321	404
321	639
321	886
321	953
321	955
321	987
321	999
322	152
322	186
322	516
322	560
322	713
322	833
322	852
322	891
322	916
322	918
323	73
323	86
323	143
323	361
323	475
323	699
323	825
323	873
323	900
323	971
324	106
324	198
324	536
324	607
324	737
324	797
324	825
324	924
324	938
324	997
325	92
325	440
325	512
325	523
325	743
325	752
325	794
325	950
325	975
325	994
326	22
326	156
326	297
326	366
326	469
326	723
326	750
326	900
326	942
326	953
327	53
327	57
327	450
327	644
327	702
327	730
327	769
327	780
327	863
327	887
328	330
328	464
328	480
328	717
328	839
328	892
328	906
328	923
328	970
328	998
329	324
329	325
329	383
329	593
329	825
329	850
329	899
329	921
329	924
329	997
330	480
330	619
330	769
330	774
330	780
330	814
330	839
330	892
330	970
330	980
331	22
331	82
331	107
331	227
331	285
331	547
331	741
331	764
331	866
331	934
332	235
332	800
332	842
332	862
332	867
332	906
332	953
332	958
332	986
332	990
333	29
333	168
333	201
333	344
333	568
333	687
333	791
333	889
333	895
333	923
334	105
334	632
334	687
334	752
334	778
334	794
334	911
334	950
334	975
334	994
335	254
335	398
335	471
335	519
335	627
335	640
335	687
335	793
335	889
335	968
336	88
336	92
336	661
336	683
336	828
336	853
336	950
336	966
336	975
336	994
337	19
337	129
337	141
337	203
337	390
337	684
337	722
337	820
337	902
337	983
338	29
338	394
338	667
338	751
338	806
338	847
338	875
338	883
338	963
338	965
339	132
339	186
339	242
339	514
339	639
339	778
339	861
339	914
339	960
339	977
340	348
340	484
340	692
340	694
340	797
340	899
340	915
340	921
340	924
340	957
341	66
341	78
341	88
341	259
341	546
341	779
341	853
341	891
341	940
341	949
342	21
342	499
342	549
342	670
342	715
342	804
342	934
342	976
342	981
342	991
343	68
343	221
343	276
343	693
343	700
343	757
343	832
343	887
343	923
343	951
344	136
344	187
344	381
344	451
344	559
344	838
344	859
344	928
344	931
344	992
345	50
345	225
345	243
345	317
345	419
345	475
345	663
345	791
345	828
345	968
346	206
346	415
346	653
346	681
346	786
346	859
346	903
346	904
346	943
346	992
347	3
347	84
347	217
347	385
347	631
347	831
347	904
347	943
347	945
347	981
348	61
348	114
348	383
348	662
348	797
348	891
348	924
348	938
348	957
348	997
349	16
349	33
349	309
349	395
349	558
349	628
349	851
349	865
349	974
350	28
350	203
350	382
350	695
350	765
350	811
350	867
350	881
350	896
350	996
351	88
351	137
351	441
351	445
351	452
351	458
351	846
351	868
351	956
351	996
352	278
352	449
352	530
352	662
352	684
352	781
352	789
352	812
352	866
352	900
353	104
353	250
353	273
353	542
353	623
353	716
353	876
353	946
353	947
353	1000
354	1
354	100
354	197
354	222
354	248
354	349
354	463
354	543
354	620
354	991
355	425
355	657
355	681
355	707
355	725
355	829
355	877
355	927
355	944
355	984
356	126
356	177
356	351
356	379
356	387
356	467
356	590
356	823
356	969
357	523
357	580
357	653
357	673
357	722
357	760
357	939
357	966
357	991
357	998
358	1
358	183
358	717
358	811
358	821
358	874
358	894
358	920
358	943
358	962
359	32
359	256
359	474
359	479
359	498
359	617
359	643
359	696
359	783
359	865
360	36
360	111
360	210
360	219
360	239
360	525
360	648
360	719
360	909
360	963
361	135
361	356
361	496
361	652
361	706
361	817
361	843
361	973
361	980
361	993
362	338
362	358
362	692
362	751
362	806
362	847
362	859
362	883
362	961
362	987
363	248
363	397
363	511
363	541
363	705
363	829
363	857
363	913
363	969
363	994
364	67
364	347
364	666
364	745
364	784
364	798
364	826
364	882
364	977
364	991
365	55
365	130
365	330
365	611
365	732
365	765
365	792
365	839
365	970
365	977
366	191
366	388
366	466
366	629
366	845
366	869
366	898
366	924
366	985
366	999
367	217
367	312
367	327
367	609
367	662
367	664
367	757
367	807
367	974
367	996
368	136
368	231
368	439
368	442
368	531
368	538
368	781
368	931
368	946
368	964
369	205
369	289
369	303
369	411
369	421
369	523
369	660
369	764
369	842
369	883
370	63
370	75
370	201
370	232
370	303
370	315
370	473
370	762
370	927
370	960
371	226
371	253
371	282
371	575
371	647
371	678
371	783
371	799
371	898
371	956
372	180
372	297
372	398
372	595
372	651
372	723
372	748
372	760
372	892
372	907
373	169
373	226
373	448
373	537
373	575
373	815
373	819
373	864
373	898
373	989
374	287
374	443
374	503
374	562
374	581
374	596
374	721
374	745
374	959
374	1000
375	125
375	388
375	413
375	427
375	450
375	739
375	878
375	977
375	987
375	995
376	202
376	234
376	294
376	396
376	522
376	652
376	674
376	809
376	882
376	995
377	48
377	56
377	61
377	144
377	160
377	187
377	226
377	540
377	685
377	823
378	59
378	427
378	529
378	734
378	740
378	782
378	837
378	866
378	912
378	965
379	126
379	179
379	355
379	467
379	508
379	569
379	756
379	883
379	927
379	997
380	75
380	190
380	680
380	695
380	745
380	824
380	850
380	890
380	893
380	926
381	166
381	393
381	483
381	553
381	606
381	644
381	887
381	910
381	934
382	137
382	247
382	524
382	643
382	696
382	797
382	811
382	896
382	904
382	954
383	346
383	366
383	553
383	717
383	789
383	797
383	899
383	938
383	957
383	997
384	549
384	601
384	602
384	754
384	827
384	910
384	919
384	967
384	968
384	969
385	50
385	196
385	470
385	507
385	513
385	707
385	714
385	740
385	855
385	972
386	479
386	506
386	552
386	698
386	716
386	728
386	792
386	878
386	935
386	963
387	472
387	481
387	504
387	550
387	555
387	646
387	660
387	820
387	964
387	979
388	161
388	375
388	450
388	537
388	567
388	572
388	661
388	958
388	970
388	994
389	12
389	276
389	313
389	582
389	623
389	681
389	721
389	763
389	968
389	993
390	47
390	288
390	317
390	416
390	602
390	788
390	827
390	919
390	969
390	993
391	30
391	149
391	539
391	626
391	643
391	656
391	686
391	736
391	906
391	974
392	99
392	208
392	242
392	418
392	526
392	547
392	767
392	820
392	905
392	921
393	82
393	360
393	381
393	553
393	606
393	644
393	779
393	814
393	853
393	875
394	338
394	538
394	654
394	751
394	787
394	806
394	807
394	847
394	883
394	922
395	33
395	309
395	349
395	517
395	581
395	598
395	752
395	863
395	934
395	995
396	248
396	301
396	376
396	468
396	491
396	624
396	674
396	747
396	752
396	940
397	23
397	219
397	258
397	459
397	708
397	762
397	879
397	934
397	947
397	982
398	58
398	204
398	372
398	440
398	585
398	712
398	748
398	809
398	860
398	916
399	317
399	536
399	636
399	683
399	706
399	784
399	860
399	913
399	983
399	990
400	25
400	305
400	351
400	428
400	472
400	567
400	757
400	911
400	940
400	984
401	474
401	695
401	762
401	799
401	818
401	866
401	926
401	933
401	959
401	1000
402	21
402	238
402	561
402	655
402	673
402	730
402	864
402	898
402	925
402	976
403	103
403	113
403	566
403	695
403	730
403	752
403	756
403	757
403	921
403	974
404	452
404	538
404	580
404	658
404	729
404	859
404	926
404	959
404	982
404	1000
405	472
405	591
405	625
405	820
405	845
405	890
405	902
405	904
405	953
405	983
406	97
406	252
406	352
406	662
406	714
406	795
406	812
406	815
406	900
406	969
407	174
407	669
407	700
407	776
407	800
407	841
407	958
407	966
407	986
407	990
408	112
408	540
408	548
408	581
408	690
408	701
408	761
408	779
408	836
408	897
409	495
409	555
409	604
409	684
409	789
409	803
409	893
409	910
409	937
409	990
410	405
410	408
410	512
410	540
410	581
410	668
410	731
410	897
410	981
410	999
411	149
411	298
411	479
411	520
411	602
411	648
411	700
411	941
411	949
411	984
412	266
412	402
412	575
412	642
412	686
412	864
412	926
412	975
412	976
412	980
413	115
413	239
413	388
413	450
413	567
413	719
413	744
413	754
413	760
413	846
414	394
414	444
414	534
414	741
414	751
414	806
414	847
414	883
414	929
414	982
415	474
415	531
415	673
415	773
415	782
415	904
415	910
415	930
415	939
415	998
416	12
416	425
416	643
416	652
416	662
416	772
416	822
416	824
416	891
416	986
417	300
417	447
417	625
417	744
417	747
417	774
417	863
417	909
417	911
417	937
418	99
418	129
418	218
418	392
418	682
418	685
418	706
418	716
418	928
418	948
419	43
419	132
419	153
419	227
419	493
419	496
419	808
419	848
419	886
419	955
420	573
420	578
420	579
420	594
420	772
420	796
420	816
420	839
420	869
420	931
421	369
421	437
421	512
421	738
421	760
421	772
421	890
421	922
421	930
421	946
422	403
422	408
422	445
422	578
422	650
422	722
422	765
422	776
422	857
422	887
423	272
423	422
423	647
423	651
423	757
423	836
423	917
423	940
423	953
423	984
424	159
424	318
424	342
424	390
424	609
424	802
424	929
424	980
424	982
424	988
425	177
425	464
425	573
425	578
425	635
425	643
425	719
425	794
425	822
425	897
426	354
426	688
426	720
426	724
426	785
426	786
426	905
426	935
426	939
426	998
427	95
427	118
427	148
427	586
427	719
427	740
427	777
427	837
427	866
427	995
428	43
428	305
428	351
428	400
428	601
428	612
428	771
428	772
428	963
429	90
429	128
429	224
429	355
429	614
429	759
429	761
429	932
429	957
429	993
430	139
430	290
430	644
430	655
430	674
430	793
430	819
430	898
430	940
430	976
431	42
431	852
431	874
431	885
431	920
431	933
431	938
431	942
431	967
431	991
432	146
432	154
432	178
432	280
432	300
432	435
432	601
432	773
432	800
432	937
433	226
433	249
433	522
433	738
433	827
433	834
433	919
433	941
433	968
433	969
434	267
434	412
434	454
434	522
434	629
434	645
434	869
434	936
434	949
434	999
435	19
435	251
435	298
435	455
435	492
435	519
435	565
435	856
435	891
435	989
436	587
436	705
436	717
436	821
436	852
436	920
436	933
436	962
436	967
436	991
437	134
437	303
437	311
437	369
437	512
437	523
437	658
437	768
437	874
437	974
438	27
438	106
438	340
438	367
438	477
438	494
438	650
438	685
438	889
438	987
439	335
439	604
439	634
439	755
439	826
439	828
439	889
439	895
439	923
439	994
440	204
440	208
440	346
440	400
440	426
440	516
440	568
440	721
440	728
440	748
441	417
441	466
441	612
441	690
441	704
441	765
441	824
441	863
441	913
441	917
442	234
442	288
442	781
442	838
442	849
442	865
442	901
442	964
442	969
442	995
443	121
443	123
443	213
443	379
443	436
443	535
443	613
443	752
443	875
443	988
444	410
444	413
444	448
444	479
444	685
444	742
444	761
444	767
444	897
444	943
445	163
445	311
445	589
445	628
445	632
445	649
445	800
445	870
445	958
445	997
446	67
446	85
446	105
446	236
446	347
446	548
446	826
446	827
446	904
446	925
446	985
447	417
447	576
447	722
447	744
447	826
447	869
447	899
447	937
447	971
447	993
448	309
448	408
448	594
448	709
448	761
448	783
448	897
448	907
448	912
448	924
449	20
449	338
449	362
449	414
449	420
449	454
449	540
449	693
449	847
449	883
450	16
450	375
450	388
450	413
450	444
450	536
450	567
450	665
450	679
450	910
451	480
451	626
451	703
451	777
451	810
451	838
451	865
451	942
451	964
451	995
452	251
452	446
452	507
452	542
452	548
452	602
452	926
452	945
452	952
453	72
453	115
453	307
453	478
453	579
453	614
453	701
453	755
453	932
453	993
454	54
454	263
454	522
454	793
454	799
454	825
454	856
454	977
454	985
454	999
455	211
455	251
455	352
455	435
455	492
455	556
455	558
455	594
455	630
456	299
456	343
456	367
456	392
456	603
456	649
456	693
456	783
456	939
456	974
457	189
457	431
457	583
457	649
457	676
457	680
457	686
457	874
457	875
457	965
458	223
458	383
458	396
458	527
458	584
458	615
458	661
458	742
458	795
458	952
459	65
459	185
459	289
459	541
459	560
459	577
459	679
459	823
459	952
459	958
460	278
460	298
460	360
460	590
460	614
460	645
460	665
460	838
460	941
460	987
461	27
461	90
461	151
461	154
461	457
461	617
461	652
461	669
461	784
461	938
462	48
462	162
462	322
462	514
462	727
462	784
462	820
462	860
462	902
462	986
463	248
463	273
463	354
463	400
463	543
463	621
463	669
463	860
463	878
463	969
464	150
464	416
464	425
464	492
464	710
464	822
464	847
464	863
464	867
464	872
465	209
465	261
465	331
465	681
465	817
465	904
465	905
465	925
465	977
465	992
466	366
466	434
466	631
466	668
466	739
466	784
466	845
466	856
466	956
466	985
467	126
467	179
467	356
467	359
467	379
467	803
467	934
467	974
467	984
468	158
468	202
468	294
468	376
468	391
468	396
468	491
468	502
468	659
468	891
469	120
469	156
469	297
469	326
469	341
469	571
469	651
469	808
469	920
469	970
470	392
470	482
470	526
470	659
470	677
470	782
470	785
470	789
470	829
470	972
471	51
471	87
471	487
471	557
471	640
471	687
471	828
471	883
471	923
471	988
472	462
472	468
472	490
472	504
472	591
472	613
472	636
472	835
472	860
472	983
473	68
473	193
473	301
473	443
473	535
473	834
473	870
473	962
473	972
474	714
474	754
474	773
474	839
474	903
474	904
474	929
474	939
474	957
474	961
475	15
475	135
475	406
475	433
475	496
475	518
475	667
475	699
475	746
475	808
476	32
476	173
476	233
476	270
476	291
476	359
476	479
476	540
476	827
476	987
477	45
477	283
477	337
477	404
477	503
477	596
477	731
477	788
477	851
477	990
478	25
478	69
478	81
478	195
478	498
478	528
478	659
478	866
478	962
478	995
479	229
479	270
479	617
479	673
479	684
479	728
479	861
479	890
479	929
479	950
480	510
480	553
480	558
480	642
480	664
480	774
480	907
480	917
480	970
480	986
481	397
481	585
481	661
481	798
481	807
481	823
481	826
481	882
481	952
481	978
482	566
482	637
482	651
482	671
482	691
482	704
482	824
482	832
482	888
482	962
483	45
483	358
483	544
483	558
483	587
483	588
483	674
483	894
483	967
483	991
484	53
484	65
484	348
484	505
484	676
484	790
484	816
484	921
484	938
484	997
485	333
485	588
485	707
485	756
485	835
485	840
485	907
485	944
485	962
485	971
486	526
486	626
486	698
486	747
486	832
486	835
486	846
486	871
486	885
486	963
487	233
487	433
487	521
487	638
487	656
487	871
487	880
487	903
487	927
487	928
488	145
488	427
488	479
488	600
488	604
488	605
488	629
488	654
488	708
488	753
489	32
489	149
489	314
489	497
489	594
489	633
489	738
489	817
489	841
489	985
490	36
490	326
490	480
490	544
490	574
490	582
490	719
490	823
490	980
490	995
491	202
491	376
491	468
491	557
491	662
491	674
491	920
491	943
491	989
491	999
492	70
492	211
492	368
492	420
492	435
492	818
492	870
492	927
492	976
493	50
493	67
493	274
493	361
493	450
493	484
493	746
493	760
493	793
493	873
494	27
494	64
494	320
494	438
494	650
494	770
494	912
494	947
494	988
495	136
495	196
495	451
495	559
495	567
495	669
495	838
495	890
495	928
495	995
496	274
496	493
496	514
496	610
496	668
496	710
496	735
496	745
496	814
496	825
497	376
497	534
497	546
497	617
497	737
497	824
497	861
497	980
497	982
497	988
498	69
498	81
498	114
498	448
498	478
498	528
498	582
498	637
498	974
498	978
499	219
499	427
499	625
499	634
499	670
499	681
499	804
499	901
499	909
499	934
500	199
500	314
500	340
500	459
500	489
500	738
500	791
500	792
500	817
500	835
501	101
501	328
501	516
501	774
501	839
501	864
501	892
501	930
501	970
501	993
502	18
502	55
502	510
502	703
502	736
502	849
502	855
502	857
502	879
502	972
503	243
503	401
503	477
503	586
503	850
503	858
503	941
503	959
503	981
503	1000
504	66
504	259
504	387
504	423
504	442
504	475
504	510
504	550
504	660
504	854
505	176
505	329
505	416
505	519
505	812
505	842
505	921
505	938
505	957
505	997
506	272
506	386
506	486
506	792
506	871
506	878
506	914
506	950
506	981
506	998
507	87
507	323
507	502
507	655
507	667
507	736
507	849
507	941
507	972
507	973
508	247
508	583
508	643
508	696
508	718
508	811
508	882
508	883
508	895
508	896
509	216
509	301
509	593
509	683
509	774
509	836
509	841
509	868
509	881
509	996
510	167
510	364
510	365
510	378
510	501
510	839
510	879
510	964
510	970
510	983
511	195
511	441
511	497
511	572
511	622
511	772
511	811
511	833
511	907
511	919
512	55
512	303
512	421
512	437
512	523
512	549
512	596
512	610
512	798
512	911
513	385
513	526
513	714
513	736
513	855
513	873
513	936
513	949
513	962
513	972
514	19
514	72
514	165
514	345
514	462
514	472
514	638
514	699
514	820
514	949
515	56
515	220
515	228
515	286
515	296
515	739
515	829
515	879
515	884
515	981
516	294
516	713
516	766
516	802
516	839
516	844
516	888
516	918
516	939
516	996
517	145
517	605
517	616
517	652
517	769
517	804
517	920
517	922
517	961
517	970
518	236
518	280
518	496
518	714
518	734
518	795
518	809
518	812
518	880
518	900
519	93
519	335
519	558
519	640
519	665
519	828
519	889
519	895
519	923
519	977
520	528
520	565
520	749
520	810
520	814
520	830
520	841
520	865
520	964
520	995
521	39
521	88
521	294
521	589
521	654
521	672
521	885
521	952
521	957
521	987
522	454
522	678
522	700
522	707
522	730
522	758
522	845
522	975
522	985
522	999
523	57
523	157
523	361
523	369
523	405
523	437
523	512
523	788
523	937
523	947
524	509
524	713
524	828
524	837
524	854
524	929
524	974
524	980
524	982
524	988
525	77
525	360
525	490
525	703
525	719
525	724
525	899
525	971
525	983
525	990
526	37
526	497
526	513
526	562
526	782
526	849
526	855
526	899
526	949
526	972
527	271
527	430
527	455
527	458
527	475
527	584
527	881
527	962
527	992
528	163
528	478
528	481
528	498
528	550
528	641
528	669
528	833
528	919
528	986
529	148
529	302
529	427
529	478
529	691
529	740
529	779
529	791
529	850
529	866
530	267
530	624
530	657
530	714
530	795
530	812
530	849
530	900
530	938
530	983
531	187
531	489
531	597
531	703
531	798
531	801
531	814
531	865
531	915
531	973
532	794
532	819
532	842
532	859
532	897
532	917
532	922
532	953
532	978
532	979
533	472
533	542
533	681
533	751
533	820
533	860
533	882
533	902
533	905
533	983
534	311
534	664
534	854
534	878
534	929
534	938
534	966
534	980
534	982
534	988
535	145
535	193
535	213
535	362
535	412
535	443
535	473
535	636
535	655
535	965
536	19
536	401
536	514
536	581
536	638
536	784
536	802
536	948
536	980
536	983
537	11
537	25
537	458
537	470
537	505
537	677
537	835
537	877
537	972
537	1000
538	454
538	597
538	641
538	805
538	815
538	844
538	848
538	866
538	918
538	986
539	233
539	302
539	359
539	473
539	487
539	656
539	726
539	896
539	914
539	983
540	556
540	581
540	622
540	761
540	774
540	806
540	897
540	898
540	912
540	950
541	300
541	363
541	612
541	680
541	704
541	715
541	816
541	857
541	885
541	913
542	40
542	104
542	137
542	250
542	277
542	353
542	840
542	885
542	955
542	972
543	83
543	109
543	372
543	463
543	472
543	559
543	701
543	924
543	943
543	971
544	209
544	307
544	453
544	525
544	634
544	683
544	725
544	868
544	932
544	993
545	332
545	692
545	756
545	800
545	895
545	920
545	953
545	958
545	966
545	990
546	95
546	424
546	746
546	802
546	824
546	929
546	935
546	980
546	982
546	988
547	68
547	176
547	203
547	242
547	392
547	418
547	848
547	932
547	993
548	17
548	86
548	387
548	446
548	452
548	562
548	688
548	736
548	787
548	931
549	1
549	94
549	142
549	254
549	274
549	395
549	585
549	693
549	915
550	89
550	180
550	387
550	646
550	660
550	813
550	854
550	878
550	886
551	41
551	57
551	200
551	327
551	441
551	485
551	573
551	780
551	848
551	998
552	216
552	249
552	293
552	502
552	614
552	632
552	660
552	707
552	811
552	936
553	122
553	155
553	229
553	393
553	539
553	606
553	644
553	711
553	865
553	919
554	260
554	325
554	370
554	488
554	596
554	605
554	720
554	857
554	928
554	945
555	404
555	506
555	698
555	729
555	792
555	878
555	921
555	935
555	963
555	991
556	71
556	724
556	771
556	819
556	860
556	861
556	914
556	954
556	960
556	977
557	2
557	143
557	646
557	802
557	844
557	888
557	915
557	918
557	992
557	995
558	53
558	188
558	240
558	630
558	639
558	809
558	810
558	818
558	927
558	966
559	211
559	344
559	495
559	630
559	810
559	915
559	931
559	989
559	995
559	997
560	11
560	289
560	459
560	531
560	708
560	709
560	797
560	907
560	951
560	990
561	143
561	362
561	430
561	516
561	732
561	794
561	815
561	848
561	918
561	997
562	88
562	287
562	477
562	596
562	715
562	850
562	851
562	918
562	939
562	1000
563	100
563	117
563	348
563	646
563	658
563	679
563	689
563	805
563	929
563	935
564	7
564	73
564	337
564	532
564	705
564	735
564	858
564	859
564	890
564	978
565	265
565	290
565	373
565	426
565	641
565	664
565	830
565	880
565	976
565	989
566	217
566	308
566	462
566	486
566	531
566	620
566	846
566	951
566	974
566	975
567	368
567	375
567	388
567	413
567	491
567	566
567	680
567	709
567	769
568	182
568	390
568	464
568	582
568	620
568	625
568	637
568	698
568	711
568	928
569	426
569	666
569	688
569	745
569	754
569	778
569	905
569	925
569	992
569	998
570	4
570	180
570	253
570	398
570	656
570	699
570	723
570	728
570	789
570	832
571	296
571	397
571	588
571	605
571	749
571	829
571	881
571	908
571	945
571	998
572	4
572	293
572	299
572	329
572	422
572	669
572	703
572	722
572	750
572	765
573	198
573	286
573	295
573	304
573	414
573	566
573	569
573	702
573	718
573	855
574	71
574	183
574	639
574	649
574	771
574	780
574	861
574	947
574	960
574	977
575	101
575	161
575	240
575	327
575	412
575	430
575	462
575	819
575	920
575	976
576	111
576	131
576	266
576	398
576	742
576	762
576	775
576	789
576	830
576	912
577	150
577	618
577	676
577	734
577	864
577	872
577	902
577	910
577	948
577	999
578	18
578	152
578	212
578	397
578	511
578	631
578	669
578	913
578	930
578	968
579	24
579	132
579	293
579	465
579	780
579	796
579	816
579	861
579	864
579	923
580	113
580	223
580	374
580	489
580	503
580	731
580	850
580	860
580	893
580	959
581	126
581	127
581	377
581	408
581	514
581	576
581	601
581	783
581	897
581	939
582	161
582	171
582	233
582	279
582	373
582	496
582	529
582	568
582	711
582	986
583	122
583	734
583	759
583	813
583	857
583	872
583	948
583	954
583	981
583	1000
584	84
584	213
584	271
584	348
584	455
584	458
584	506
584	527
584	862
584	996
585	94
585	254
585	409
585	434
585	549
585	683
585	728
585	840
585	960
586	401
586	532
586	562
586	702
586	729
586	886
586	926
586	958
586	966
586	1000
587	235
587	279
587	480
587	483
587	805
587	852
587	942
587	961
587	967
587	991
588	296
588	364
588	503
588	515
588	755
588	873
588	879
588	884
588	947
588	960
589	103
589	117
589	505
589	632
589	653
589	656
589	679
589	689
589	718
589	894
590	153
590	460
590	712
590	733
590	775
590	869
590	940
590	941
590	979
590	987
591	234
591	462
591	533
591	536
591	615
591	902
591	982
591	983
591	985
591	989
592	97
592	122
592	147
592	202
592	224
592	305
592	554
592	712
592	765
593	251
593	255
593	342
593	350
593	663
593	881
593	884
593	894
593	955
593	996
594	44
594	255
594	314
594	489
594	607
594	633
594	727
594	791
594	817
594	896
595	263
595	471
595	545
595	556
595	615
595	675
595	806
595	841
595	966
595	986
596	477
596	483
596	503
596	580
596	586
596	627
596	851
596	947
596	959
596	1000
597	258
597	286
597	300
597	415
597	588
597	829
597	879
597	946
597	947
597	984
598	257
598	309
598	349
598	395
598	628
598	635
598	689
598	690
598	928
598	971
599	66
599	96
599	560
599	616
599	802
599	808
599	823
599	834
599	876
599	919
600	249
600	332
600	371
600	488
600	677
600	762
600	769
600	799
600	817
600	836
601	417
601	432
601	481
601	591
601	744
601	747
601	852
601	937
601	959
601	999
602	58
602	125
602	207
602	394
602	567
602	788
602	816
602	827
602	895
602	968
603	113
603	121
603	176
603	276
603	467
603	730
603	821
603	895
603	974
603	985
604	7
604	155
604	184
604	409
604	418
604	447
604	601
604	640
604	937
604	984
605	14
605	249
605	517
605	554
605	648
605	696
605	697
605	769
605	901
605	924
606	31
606	184
606	200
606	229
606	381
606	393
606	553
606	644
606	648
606	797
607	381
607	587
607	805
607	885
607	894
607	920
607	943
607	961
607	962
607	999
608	236
608	257
608	362
608	572
608	621
608	680
608	873
608	929
608	970
608	973
609	377
609	409
609	665
609	672
609	711
609	907
609	941
609	949
609	952
609	987
610	519
610	543
610	668
610	724
610	743
610	763
610	793
610	825
610	886
610	973
611	252
611	333
611	412
611	480
611	501
611	564
611	664
611	705
611	774
611	943
612	178
612	363
612	704
612	750
612	857
612	873
612	916
612	939
612	957
612	975
613	40
613	128
613	312
613	349
613	423
613	620
613	760
613	923
613	974
613	979
614	307
614	365
614	429
614	453
614	634
614	755
614	839
614	861
614	979
614	993
615	20
615	675
615	800
615	841
615	867
615	906
615	953
615	966
615	986
615	990
616	66
616	153
616	169
616	529
616	741
616	803
616	829
616	836
616	876
616	952
617	151
617	382
617	461
617	535
617	608
617	652
617	923
617	944
617	973
617	988
618	577
618	583
618	632
618	813
618	854
618	872
618	948
618	954
618	970
618	981
619	5
619	155
619	240
619	443
619	781
619	818
619	855
619	874
619	927
619	953
620	176
620	217
620	527
620	568
620	651
620	730
620	836
620	859
620	881
620	883
621	306
621	475
621	557
621	626
621	771
621	825
621	843
621	948
621	955
621	973
622	168
622	199
622	441
622	578
622	704
622	819
622	837
622	875
622	946
622	948
623	246
623	306
623	389
623	711
623	721
623	740
623	763
623	766
623	769
623	992
624	56
624	275
624	554
624	662
624	684
624	709
624	714
624	896
624	900
624	938
625	212
625	260
625	499
625	581
625	670
625	699
625	767
625	799
625	909
625	934
626	13
626	281
626	486
626	698
626	716
626	846
626	923
626	935
626	963
626	982
627	707
627	732
627	831
627	849
627	907
627	944
627	946
627	965
627	971
627	984
628	5
628	125
628	349
628	598
628	613
628	774
628	886
628	941
628	998
629	100
629	739
629	799
629	856
629	869
629	936
629	956
629	967
629	985
629	999
630	63
630	268
630	336
630	515
630	703
630	781
630	865
630	931
630	985
630	995
631	34
631	170
631	263
631	347
631	357
631	603
631	622
631	779
631	961
631	996
632	226
632	278
632	368
632	411
632	414
632	547
632	563
632	679
632	689
632	973
633	379
633	489
633	587
633	594
633	661
633	738
633	791
633	810
633	817
633	987
634	192
634	544
634	701
634	818
634	839
634	868
634	932
634	942
634	951
634	993
635	150
635	157
635	175
635	416
635	432
635	520
635	772
635	975
635	997
635	1000
636	141
636	181
636	337
636	405
636	541
636	581
636	820
636	834
636	885
636	983
637	182
637	530
637	543
637	568
637	569
637	582
637	649
637	711
637	830
637	833
638	337
638	399
638	478
638	636
638	807
638	846
638	860
638	931
638	957
638	983
639	79
639	220
639	431
639	733
639	771
639	803
639	914
639	957
639	960
639	977
640	244
640	439
640	464
640	471
640	519
640	828
640	895
640	902
640	923
640	989
641	116
641	159
641	321
641	394
641	766
641	801
641	815
641	820
641	918
641	988
642	101
642	107
642	157
642	193
642	456
642	759
642	880
642	967
642	976
642	989
643	164
643	509
643	611
643	620
643	665
643	806
643	811
643	896
643	955
643	996
644	84
644	229
644	393
644	423
644	523
644	534
644	582
644	606
644	855
644	948
645	175
645	460
645	672
645	712
645	716
645	799
645	903
645	940
645	952
645	973
646	270
646	387
646	504
646	550
646	586
646	660
646	805
646	852
646	874
647	232
647	276
647	423
647	525
647	620
647	720
647	723
647	896
647	957
647	974
648	259
648	334
648	548
648	590
648	616
648	645
648	732
648	814
648	941
648	949
649	409
649	556
649	733
649	766
649	803
649	844
649	852
649	861
649	907
649	960
650	8
650	27
650	106
650	306
650	320
650	494
650	721
650	867
650	888
650	918
651	91
651	254
651	255
651	367
651	411
651	456
651	693
651	832
651	871
651	974
652	24
652	134
652	151
652	478
652	551
652	602
652	617
652	751
652	830
653	280
653	364
653	426
653	773
653	862
653	903
653	939
653	948
653	992
653	998
654	14
654	156
654	231
654	488
654	517
654	600
654	633
654	769
654	822
654	945
655	148
655	642
655	768
655	773
655	819
655	880
655	891
655	960
655	962
655	989
656	204
656	302
656	315
656	391
656	487
656	509
656	539
656	787
656	887
656	972
657	485
657	830
657	835
657	844
657	851
657	870
657	907
657	944
657	971
657	984
658	18
658	163
658	363
658	526
658	563
658	868
658	916
658	954
658	966
658	1000
659	111
659	674
659	689
659	743
659	778
659	890
659	911
659	950
659	975
659	980
660	89
660	96
660	387
660	504
660	646
660	682
660	690
660	855
660	965
660	968
661	15
661	67
661	399
661	641
661	745
661	807
661	826
661	882
661	953
661	970
662	284
662	302
662	518
662	530
662	684
662	812
662	840
662	900
662	968
662	983
663	215
663	230
663	317
663	600
663	624
663	821
663	887
663	967
663	981
664	330
664	365
664	500
664	589
664	611
664	647
664	688
664	731
664	839
664	892
665	44
665	143
665	393
665	667
665	672
665	712
665	911
665	940
665	949
665	952
666	67
666	385
666	469
666	745
666	798
666	807
666	826
666	856
666	882
666	943
667	491
667	521
667	609
667	795
667	812
667	819
667	933
667	940
667	941
667	987
668	135
668	171
668	257
668	746
668	769
668	782
668	787
668	793
668	851
668	888
669	323
669	409
669	422
669	495
669	572
669	605
669	622
669	717
669	722
669	847
670	316
670	342
670	625
670	744
670	791
670	824
670	836
670	909
670	934
670	984
671	52
671	318
671	410
671	533
671	576
671	685
671	775
671	789
671	830
671	985
672	341
672	374
672	521
672	665
672	667
672	712
672	746
672	849
672	947
672	949
673	209
673	357
673	551
673	654
673	697
673	760
673	891
673	925
673	992
673	998
674	282
674	376
674	396
674	468
674	491
674	628
674	739
674	833
674	848
674	949
675	20
675	173
675	407
675	595
675	692
675	842
675	906
675	930
675	964
675	990
676	23
676	140
676	386
676	483
676	686
676	806
676	875
676	901
676	951
676	965
677	295
677	382
677	385
677	470
677	507
677	642
677	687
677	785
677	866
677	980
678	73
678	648
678	777
678	810
678	906
678	917
678	922
678	945
678	978
678	979
679	286
679	332
679	424
679	445
679	589
679	658
679	689
679	772
679	894
679	920
680	313
680	381
680	470
680	790
680	862
680	870
680	875
680	876
680	951
680	965
681	217
681	310
681	612
681	624
681	842
681	903
681	904
681	935
681	992
681	998
682	113
682	209
682	261
682	357
682	401
682	673
682	905
682	915
682	974
682	992
683	120
683	386
683	732
683	764
683	853
683	890
683	898
683	945
683	950
683	975
684	280
684	352
684	455
684	662
684	675
684	716
684	775
684	795
684	900
684	937
685	226
685	245
685	371
685	581
685	690
685	713
685	875
685	899
685	945
685	958
686	100
686	200
686	447
686	676
686	721
686	862
686	875
686	901
686	951
686	965
687	29
687	333
687	429
687	471
687	682
687	775
687	828
687	850
687	889
687	895
688	116
688	277
688	426
688	677
688	682
688	746
688	903
688	905
688	980
688	992
689	18
689	113
689	175
689	278
689	295
689	599
689	632
689	658
689	759
689	844
690	160
690	253
690	406
690	408
690	584
690	703
690	733
690	764
690	912
690	941
691	69
691	278
691	529
691	650
691	740
691	768
691	777
691	837
691	866
691	931
692	277
692	431
692	611
692	699
692	800
692	867
692	906
692	958
692	986
692	990
693	191
693	343
693	403
693	543
693	600
693	613
693	730
693	832
693	878
693	993
694	208
694	576
694	628
694	831
694	867
694	899
694	921
694	924
694	957
694	997
695	93
695	287
695	316
695	333
695	378
695	380
695	851
695	871
695	893
695	959
696	78
696	275
696	325
696	655
696	787
696	794
696	811
696	881
696	896
696	996
697	569
697	605
697	681
697	682
697	724
697	754
697	879
697	939
697	989
697	998
698	37
698	469
698	507
698	608
698	716
698	792
698	846
698	871
698	959
698	999
699	426
699	496
699	608
699	647
699	709
699	843
699	863
699	873
699	886
699	947
700	65
700	533
700	545
700	546
700	675
700	776
700	906
700	955
700	958
700	990
701	489
701	544
701	634
701	663
701	725
701	831
701	834
701	868
701	885
701	993
702	74
702	425
702	718
702	780
702	863
702	887
702	948
702	967
702	969
702	994
703	154
703	234
703	344
703	536
703	810
703	865
703	880
703	942
703	994
703	995
704	43
704	199
704	612
704	622
704	669
704	718
704	799
704	864
704	915
704	975
705	436
705	731
705	821
705	838
705	894
705	933
705	961
705	962
705	967
705	991
706	257
706	276
706	367
706	873
706	876
706	886
706	959
706	960
706	964
706	973
707	6
707	335
707	355
707	702
707	835
707	870
707	907
707	946
707	971
707	984
708	384
708	496
708	515
708	571
708	749
708	794
708	884
708	908
708	949
708	996
709	140
709	205
709	340
709	399
709	459
709	560
709	630
709	845
709	913
710	89
710	683
710	732
710	764
710	853
710	890
710	896
710	911
710	930
710	945
711	12
711	354
711	443
711	582
711	637
711	692
711	731
711	827
711	991
711	992
712	259
712	452
712	609
712	648
712	827
712	891
712	920
712	952
712	987
712	991
713	299
713	557
713	701
713	726
713	766
713	777
713	815
713	918
713	966
713	994
714	406
714	448
714	518
714	684
714	795
714	821
714	886
714	900
714	906
714	924
715	77
715	83
715	237
715	585
715	705
715	756
715	943
715	961
715	962
715	991
716	234
716	297
716	642
716	677
716	770
716	792
716	846
716	871
716	935
716	963
717	83
717	237
717	256
717	401
717	874
717	914
717	933
717	961
717	962
717	991
718	13
718	260
718	327
718	344
718	846
718	848
718	887
718	890
718	979
718	991
719	36
719	219
719	239
719	389
719	490
719	511
719	720
719	758
719	862
719	884
720	35
720	73
720	343
720	482
720	730
720	781
720	826
720	836
720	914
720	948
721	313
721	317
721	389
721	494
721	604
721	623
721	696
721	763
721	888
721	889
722	96
722	485
722	572
722	578
722	606
722	659
722	750
722	765
722	789
722	926
723	107
723	407
723	583
723	650
723	793
723	796
723	868
723	964
723	979
723	988
724	197
724	294
724	465
724	475
724	610
724	640
724	697
724	754
724	904
724	998
725	347
725	429
725	453
725	758
725	759
725	791
725	868
725	921
725	952
725	993
726	48
726	49
726	270
726	557
726	637
726	768
726	851
726	888
726	916
726	963
727	485
727	507
727	835
727	840
727	870
727	877
727	944
727	946
727	971
727	984
728	180
728	254
728	274
728	372
728	570
728	723
728	748
728	749
728	870
728	972
729	15
729	33
729	102
729	380
729	477
729	498
729	635
729	893
729	913
729	959
730	146
730	298
730	367
730	552
730	577
730	693
730	698
730	902
730	940
730	951
731	93
731	401
731	404
731	488
731	504
731	562
731	695
731	850
731	871
731	892
732	743
732	764
732	794
732	818
732	876
732	890
732	911
732	930
732	958
732	975
733	78
733	205
733	563
733	574
733	649
733	773
733	803
733	914
733	977
733	1000
734	40
734	511
734	545
734	829
734	872
734	887
734	948
734	954
734	981
734	992
735	162
735	180
735	757
735	786
735	809
735	858
735	917
735	922
735	978
735	979
736	71
736	537
736	618
736	677
736	849
736	855
736	876
736	917
736	972
736	992
737	70
737	319
737	524
737	534
737	802
737	851
737	929
737	980
737	982
737	988
738	123
738	500
738	522
738	633
738	791
738	807
738	817
738	852
738	858
738	922
739	191
739	264
739	690
739	757
739	845
739	868
739	956
739	964
739	972
739	985
740	378
740	462
740	529
740	575
740	634
740	777
740	837
740	843
740	866
740	991
741	6
741	31
741	82
741	285
741	331
741	442
741	651
741	874
741	967
741	997
742	76
742	111
742	354
742	485
742	554
742	576
742	618
742	789
742	830
742	990
743	710
743	778
743	863
743	911
743	945
743	950
743	951
743	953
743	975
743	994
744	409
744	604
744	609
744	747
744	758
744	764
744	813
744	819
744	937
744	986
745	364
745	451
745	687
745	795
745	798
745	807
745	826
745	882
745	893
745	997
746	47
746	190
746	419
746	608
746	734
746	777
746	793
746	825
746	944
746	973
747	415
747	432
747	447
747	697
747	744
747	832
747	906
747	937
747	950
747	989
748	9
748	208
748	269
748	440
748	570
748	723
748	728
748	801
748	845
748	926
749	94
749	228
749	706
749	708
749	776
749	829
749	838
749	884
749	911
749	947
750	96
750	128
750	541
750	639
750	669
750	722
750	780
750	909
750	913
750	923
751	103
751	190
751	211
751	362
751	414
751	449
751	735
751	883
751	955
751	979
752	244
752	335
752	551
752	683
752	742
752	853
752	921
752	945
752	975
752	994
753	102
753	322
753	516
753	557
753	811
753	844
753	888
753	901
753	916
753	944
754	43
754	344
754	357
754	441
754	653
754	673
754	697
754	786
754	925
754	992
755	353
755	429
755	644
755	725
755	791
755	803
755	825
755	868
755	932
755	993
756	2
756	215
756	269
756	607
756	705
756	828
756	874
756	942
756	943
756	961
757	93
757	251
757	603
757	613
757	631
757	647
757	740
757	832
757	836
757	921
758	108
758	186
758	434
758	522
758	529
758	869
758	895
758	921
758	956
758	985
759	5
759	85
759	128
759	500
759	614
759	725
759	755
759	873
759	925
759	993
760	39
760	310
760	569
760	688
760	697
760	786
760	903
760	939
760	992
760	998
761	97
761	144
761	434
761	440
761	444
761	703
761	897
761	912
761	916
761	963
762	374
762	596
762	729
762	731
762	827
762	851
762	893
762	926
762	930
762	940
763	282
763	313
763	389
763	398
763	623
763	704
763	709
763	721
763	759
763	983
764	28
764	105
764	120
764	281
764	596
764	794
764	890
764	945
764	955
764	994
765	168
765	212
765	541
765	572
765	614
765	650
765	813
765	902
765	931
765	988
766	460
766	535
766	641
766	713
766	753
766	785
766	801
766	848
766	867
766	952
767	239
767	520
767	570
767	625
767	670
767	909
767	917
767	934
767	958
767	983
768	138
768	238
768	430
768	565
768	819
768	864
768	880
768	900
768	917
768	943
769	45
769	402
769	508
769	517
769	554
769	600
769	605
769	654
769	862
769	991
770	130
770	291
770	386
770	574
770	716
770	846
770	878
770	935
770	963
770	975
771	523
771	574
771	733
771	843
771	881
771	914
771	960
771	974
771	977
771	987
772	150
772	185
772	296
772	308
772	635
772	738
772	763
772	822
772	896
772	956
773	320
773	474
773	569
773	653
773	673
773	905
773	925
773	927
773	992
773	994
774	98
774	130
774	252
774	280
774	839
774	882
774	892
774	925
774	970
774	1000
775	76
775	318
775	396
775	509
775	514
775	576
775	671
775	732
775	830
775	914
776	385
776	578
776	595
776	610
776	611
776	800
776	841
776	949
776	953
776	986
777	140
777	391
777	534
777	691
777	736
777	755
777	837
777	866
777	908
777	966
778	28
778	241
778	495
778	656
778	753
778	923
778	930
778	950
778	975
778	994
779	220
779	230
779	322
779	574
779	618
779	813
779	910
779	948
779	954
779	981
780	77
780	173
780	260
780	601
780	702
780	755
780	758
780	770
780	863
780	887
781	231
781	241
781	451
781	470
781	559
781	810
781	828
781	836
781	915
781	928
782	25
782	507
782	676
782	718
782	736
782	741
782	785
782	960
782	972
782	977
783	97
783	98
783	253
783	410
783	445
783	448
783	459
783	912
783	922
783	935
784	152
784	239
784	380
784	514
784	533
784	636
784	668
784	860
784	937
784	983
785	87
785	162
785	266
785	295
785	453
785	502
785	507
785	756
785	971
785	972
786	474
786	569
786	653
786	681
786	688
786	760
786	773
786	904
786	905
786	998
787	274
787	323
787	610
787	617
787	706
787	808
787	877
787	917
787	932
787	997
788	54
788	58
788	480
788	827
788	834
788	919
788	960
788	969
788	970
788	990
789	198
789	263
789	499
789	559
789	576
789	671
789	742
789	775
789	830
789	911
790	457
790	676
790	680
790	698
790	713
790	854
790	862
790	901
790	951
790	965
791	421
791	500
791	519
791	594
791	738
791	817
791	892
791	942
791	953
791	963
792	37
792	403
792	461
792	506
792	555
792	626
792	878
792	963
792	969
792	981
793	375
793	608
793	706
793	724
793	787
793	818
793	843
793	920
793	973
793	990
794	16
794	552
794	659
794	690
794	718
794	764
794	911
794	950
794	994
794	997
795	275
795	352
795	446
795	530
795	624
795	714
795	812
795	933
795	953
795	979
796	292
796	293
796	305
796	555
796	579
796	616
796	726
796	816
796	905
796	925
797	39
797	210
797	340
797	614
797	899
797	921
797	924
797	938
797	957
797	997
798	268
798	361
798	481
798	570
798	661
798	666
798	715
798	807
798	882
798	983
799	164
799	845
799	847
799	856
799	879
799	936
799	956
799	969
799	985
799	999
800	561
800	615
800	666
800	700
800	841
800	842
800	953
800	966
800	986
800	990
801	3
801	99
801	213
801	766
801	833
801	844
801	888
801	949
801	951
801	981
802	559
802	736
802	737
802	854
802	929
802	973
802	976
802	980
802	982
802	988
803	112
803	286
803	574
803	733
803	861
803	876
803	914
803	960
803	977
803	982
804	21
804	249
804	250
804	388
804	499
804	767
804	808
804	909
804	934
804	987
805	183
805	358
805	473
805	540
805	878
805	933
805	943
805	959
805	962
805	967
806	103
806	210
806	288
806	390
806	394
806	751
806	847
806	851
806	883
806	891
807	481
807	725
807	745
807	798
807	826
807	864
807	882
807	910
807	937
807	998
808	168
808	236
808	361
808	475
808	623
808	657
808	812
808	886
808	973
808	976
809	283
809	449
809	532
809	564
809	735
809	904
809	922
809	955
809	978
809	979
810	531
810	845
810	865
810	928
810	931
810	932
810	964
810	966
810	980
810	982
811	252
811	350
811	508
811	593
811	696
811	758
811	821
811	856
811	913
811	955
812	110
812	166
812	352
812	406
812	518
812	530
812	624
812	636
812	727
812	992
813	273
813	561
813	577
813	715
813	734
813	749
813	832
813	866
813	910
813	981
814	174
814	209
814	268
814	368
814	763
814	810
814	862
814	915
814	919
814	962
815	255
815	258
815	470
815	516
815	641
815	743
815	766
815	894
815	918
815	924
816	60
816	262
816	420
816	592
816	750
816	765
816	796
816	868
816	956
816	986
817	110
817	235
817	489
817	500
817	525
817	589
817	594
817	791
817	914
818	212
818	293
818	560
818	577
818	619
818	692
818	787
818	792
818	927
818	964
819	282
819	518
819	548
819	655
819	768
819	869
819	880
819	898
819	966
819	989
820	337
820	399
820	484
820	533
820	766
820	811
820	821
820	902
820	983
820	999
821	39
821	235
821	587
821	705
821	717
821	792
821	885
821	942
821	967
821	1000
822	175
822	177
822	297
822	416
822	635
822	719
822	734
822	772
822	873
822	991
823	65
823	80
823	131
823	153
823	386
823	539
823	616
823	696
823	876
823	959
824	30
824	46
824	350
824	497
824	524
824	899
824	929
824	962
824	980
824	982
825	617
825	685
825	699
825	763
825	793
825	808
825	873
825	963
825	973
825	993
826	257
826	481
826	661
826	666
826	704
826	798
826	807
826	817
826	882
826	960
827	433
827	553
827	569
827	584
827	640
827	670
827	834
827	919
827	968
827	969
828	51
828	439
828	519
828	711
828	889
828	895
828	923
828	928
828	948
828	975
829	56
829	80
829	215
829	490
829	651
829	806
829	884
829	908
829	918
829	947
830	76
830	225
830	671
830	710
830	742
830	775
830	789
830	808
830	913
830	930
831	324
831	329
831	694
831	869
831	899
831	921
831	924
831	938
831	957
831	997
832	194
832	312
832	403
832	438
832	757
832	797
832	814
832	819
832	836
832	881
833	284
833	322
833	538
833	753
833	786
833	844
833	879
833	897
833	916
833	999
834	47
834	54
834	76
834	110
834	230
834	418
834	767
834	897
834	919
834	969
835	222
835	355
835	600
835	627
835	657
835	877
835	971
835	981
835	984
835	986
836	218
836	456
836	603
836	613
836	717
836	720
836	753
836	874
836	880
836	929
837	63
837	207
837	378
837	427
837	568
837	691
837	777
837	866
837	963
837	972
838	21
838	288
838	449
838	630
838	696
838	928
838	936
838	964
838	984
838	995
839	167
839	213
839	480
839	510
839	565
839	664
839	834
839	957
839	963
839	970
840	162
840	610
840	627
840	727
840	877
840	907
840	914
840	946
840	971
840	984
841	20
841	277
841	482
841	545
841	644
841	692
841	776
841	958
841	966
841	990
842	675
842	700
842	733
842	776
842	867
842	899
842	906
842	953
842	958
842	966
843	119
843	236
843	493
843	562
843	607
843	664
843	668
843	682
843	699
843	918
844	116
844	133
844	143
844	165
844	359
844	638
844	688
844	753
844	801
844	944
845	743
845	748
845	758
845	797
845	799
845	810
845	936
845	941
845	956
845	985
846	121
846	513
846	555
846	626
846	770
846	871
846	877
846	935
846	954
846	987
847	362
847	414
847	449
847	561
847	731
847	736
847	747
847	806
847	883
847	995
848	2
848	255
848	438
848	561
848	700
848	726
848	747
848	800
848	844
848	893
849	74
849	385
849	618
849	677
849	748
849	771
849	782
849	795
849	855
849	972
850	47
850	123
850	268
850	374
850	695
850	731
850	851
850	926
850	981
850	1000
851	106
851	528
851	621
851	744
851	762
851	818
851	850
851	926
851	959
851	1000
852	161
852	170
852	279
852	587
852	607
852	730
852	920
852	942
852	961
852	981
853	216
853	764
853	768
853	806
853	890
853	899
853	901
853	945
853	950
853	994
854	285
854	319
854	379
854	424
854	546
854	781
854	797
854	980
854	982
854	988
855	144
855	295
855	513
855	537
855	702
855	768
855	782
855	901
855	972
855	990
856	49
856	264
856	758
856	869
856	931
856	936
856	946
856	954
856	994
856	999
857	96
857	212
857	328
857	450
857	605
857	622
857	712
857	765
857	820
857	978
858	269
858	784
858	809
858	859
858	917
858	922
858	931
858	978
858	979
858	994
859	82
859	214
859	378
859	436
859	678
859	729
859	809
859	922
859	978
859	979
860	591
860	722
860	770
860	784
860	815
860	820
860	840
860	902
860	939
860	983
861	177
861	339
861	361
861	639
861	771
861	803
861	914
861	918
861	960
861	977
862	45
862	62
862	680
862	726
862	790
862	875
862	895
862	901
862	951
862	965
863	41
863	77
863	79
863	539
863	573
863	718
863	874
863	887
863	929
863	945
864	193
864	373
864	412
864	416
864	500
864	655
864	956
864	976
864	989
864	996
865	344
865	357
865	442
865	630
865	633
865	754
865	759
865	838
865	916
865	931
866	140
866	214
866	315
866	363
866	378
866	427
866	476
866	777
866	837
866	968
867	17
867	554
867	595
867	610
867	615
867	750
867	842
867	958
867	966
867	990
868	93
868	373
868	634
868	701
868	726
868	759
868	912
868	932
868	978
868	993
869	16
869	90
869	136
869	267
869	389
869	758
869	799
869	801
869	861
869	985
870	162
870	241
870	308
870	672
870	707
870	727
870	840
870	909
870	946
870	984
871	70
871	506
871	555
871	626
871	770
871	832
871	878
871	935
871	963
871	998
872	220
872	244
872	734
872	751
872	779
872	831
872	851
872	933
872	948
872	981
873	4
873	116
873	134
873	138
873	306
873	746
873	785
873	843
873	908
873	944
874	183
874	400
874	436
874	666
874	715
874	720
874	756
874	850
874	962
874	991
875	62
875	468
875	676
875	689
875	790
875	899
875	901
875	951
875	965
875	991
876	46
876	158
876	517
876	646
876	729
876	932
876	935
876	945
876	978
876	995
877	135
877	222
877	453
877	485
877	627
877	840
877	929
877	944
877	946
877	984
878	222
878	281
878	291
878	386
878	626
878	716
878	770
878	871
878	935
878	963
879	109
879	286
879	397
879	515
879	770
879	776
879	840
879	908
879	947
879	975
880	14
880	266
880	373
880	493
880	736
880	863
880	864
880	940
880	976
880	989
881	228
881	382
881	577
881	587
881	593
881	627
881	671
881	935
881	955
881	996
882	3
882	185
882	364
882	481
882	661
882	666
882	712
882	745
882	774
882	826
883	119
883	394
883	414
883	435
883	449
883	730
883	806
883	847
883	877
883	987
884	130
884	588
884	749
884	830
884	878
884	879
884	908
884	926
884	947
884	992
885	717
885	735
885	756
885	805
885	852
885	884
885	933
885	956
885	967
885	991
886	4
886	395
886	610
886	699
886	751
886	787
886	825
886	832
886	907
886	938
887	375
887	551
887	573
887	615
887	667
887	702
887	718
887	831
887	863
887	913
888	22
888	413
888	422
888	713
888	801
888	815
888	833
888	883
888	916
888	971
889	32
889	51
889	80
889	432
889	640
889	654
889	687
889	694
889	895
889	923
890	205
890	285
890	310
890	334
890	363
890	615
890	752
890	794
890	950
890	988
891	181
891	521
891	665
891	691
891	778
891	801
891	940
891	941
891	949
891	957
892	91
892	365
892	370
892	611
892	637
892	664
892	687
892	821
892	902
892	970
893	228
893	374
893	401
893	729
893	750
893	800
893	864
893	959
893	988
893	1000
894	237
894	238
894	715
894	717
894	805
894	852
894	920
894	942
894	943
894	991
895	309
895	519
895	637
895	682
895	687
895	762
895	828
895	889
895	923
895	975
896	78
896	124
896	188
896	272
896	289
896	301
896	468
896	811
896	881
896	917
897	290
897	356
897	371
897	377
897	448
897	456
897	803
897	912
897	941
897	998
898	203
898	246
898	290
898	412
898	476
898	768
898	786
898	798
898	880
898	976
899	53
899	232
899	340
899	831
899	921
899	928
899	938
899	947
899	957
899	998
900	275
900	339
900	406
900	453
900	598
900	624
900	662
900	771
900	795
900	838
901	457
901	678
901	686
901	710
901	790
901	862
901	875
901	889
901	951
901	965
902	10
902	399
902	514
902	536
902	663
902	758
902	784
902	809
902	949
902	977
903	63
903	310
903	678
903	681
903	682
903	904
903	925
903	939
903	992
903	998
904	474
904	533
904	599
904	623
904	724
904	760
904	841
904	903
904	925
904	939
905	182
905	415
905	422
905	640
905	697
905	724
905	816
905	903
905	904
905	992
906	332
906	615
906	692
906	800
906	842
906	867
906	953
906	958
906	986
906	990
907	485
907	627
907	657
907	727
907	840
907	870
907	877
907	944
907	971
907	984
908	339
908	490
908	507
908	597
908	653
908	691
908	749
908	879
908	884
908	947
909	107
909	129
909	178
909	287
909	342
909	499
909	804
909	856
909	908
909	934
910	89
910	196
910	331
910	583
910	680
910	782
910	813
910	948
910	954
910	981
911	328
911	402
911	659
911	743
911	752
911	778
911	816
911	921
911	930
911	994
912	85
912	144
912	262
912	371
912	444
912	484
912	685
912	708
912	809
912	900
913	87
913	152
913	195
913	570
913	612
913	722
913	815
913	819
913	843
913	905
914	8
914	71
914	556
914	733
914	764
914	771
914	861
914	960
914	977
914	996
915	288
915	343
915	504
915	520
915	542
915	562
915	814
915	927
915	928
915	995
916	3
916	49
916	94
916	383
916	538
916	641
916	726
916	855
916	923
916	971
917	488
917	678
917	735
917	765
917	858
917	859
917	922
917	978
917	979
917	986
918	299
918	561
918	587
918	608
918	666
918	726
918	753
918	809
918	848
918	976
919	230
919	788
919	834
919	872
919	968
919	969
919	985
919	987
919	990
919	1000
920	285
920	715
920	805
920	821
920	852
920	942
920	943
920	961
920	962
920	991
921	114
921	145
921	312
921	340
921	544
921	898
921	899
921	924
921	938
921	985
922	245
922	564
922	678
922	735
922	858
922	878
922	917
922	978
922	979
922	987
923	335
923	411
923	439
923	572
923	640
923	670
923	683
923	790
923	828
923	895
924	53
924	198
924	324
924	388
924	484
924	694
924	831
924	838
924	847
924	997
925	346
925	415
925	436
925	670
925	711
925	804
925	895
925	905
925	939
925	998
926	338
926	404
926	474
926	586
926	793
926	850
926	851
926	897
926	959
926	1000
927	109
927	155
927	164
927	619
927	752
927	759
927	818
927	859
927	884
927	947
928	225
928	442
928	555
928	781
928	814
928	931
928	940
928	946
928	964
928	995
929	311
929	461
929	497
929	534
929	792
929	824
929	973
929	980
929	982
929	988
930	105
930	119
930	658
930	704
930	743
930	829
930	853
930	911
930	967
930	975
931	184
931	442
931	531
931	574
931	781
931	864
931	915
931	928
931	955
931	964
932	128
932	172
932	229
932	494
932	534
932	596
932	612
932	634
932	868
932	993
933	23
933	42
933	178
933	235
933	483
933	564
933	756
933	805
933	873
933	894
934	124
934	316
934	342
934	439
934	501
934	625
934	688
934	804
934	902
934	969
935	406
935	486
935	502
935	555
935	811
935	846
935	871
935	878
935	925
935	963
936	256
936	292
936	343
936	366
936	403
936	454
936	739
936	758
936	856
936	969
937	155
937	300
937	409
937	601
937	604
937	706
937	747
937	815
937	847
937	923
938	198
938	447
938	476
938	691
938	797
938	831
938	894
938	924
938	957
938	997
939	346
939	465
939	502
939	550
939	575
939	724
939	773
939	925
939	992
939	998
940	149
940	341
940	521
940	606
940	712
940	718
940	874
940	934
940	952
940	972
941	235
941	583
941	590
941	648
941	672
941	840
941	891
941	940
941	952
941	970
942	431
942	467
942	756
942	874
942	885
942	897
942	909
942	920
942	962
942	967
943	216
943	220
943	431
943	494
943	607
943	821
943	933
943	991
943	994
943	997
944	222
944	684
944	835
944	840
944	870
944	877
944	907
944	946
944	971
944	984
945	334
945	365
945	550
945	732
945	778
945	881
945	890
945	930
945	975
945	994
946	241
946	355
946	396
946	657
946	870
946	877
946	907
946	944
946	971
946	997
947	188
947	215
947	310
947	515
947	597
947	621
947	749
947	802
947	879
947	956
948	10
948	133
948	518
948	577
948	640
948	748
948	813
948	872
948	910
948	954
949	10
949	39
949	315
949	609
949	667
949	781
949	841
949	891
949	940
949	987
950	419
950	683
950	732
950	768
950	794
950	853
950	911
950	930
950	945
950	947
951	196
951	200
951	457
951	790
951	805
951	862
951	901
951	933
951	964
951	965
952	58
952	181
952	411
952	696
952	714
952	891
952	898
952	940
952	949
952	993
953	402
953	407
953	692
953	698
953	737
953	842
953	853
953	966
953	986
953	992
954	102
954	192
954	432
954	535
954	734
954	767
954	779
954	841
954	853
954	910
955	9
955	247
955	281
955	283
955	509
955	686
955	825
955	844
955	910
955	996
956	151
956	214
956	469
956	739
956	769
956	799
956	949
956	985
956	995
956	999
957	174
957	348
957	775
957	831
957	872
957	899
957	924
957	980
957	986
957	997
958	59
958	85
958	521
958	700
958	776
958	944
958	953
958	966
958	986
958	990
959	15
959	230
959	248
959	380
959	404
959	642
959	850
959	893
959	926
959	1000
960	8
960	498
960	556
960	639
960	649
960	750
960	778
960	803
960	861
960	977
961	9
961	52
961	352
961	607
961	821
961	885
961	886
961	943
961	967
961	991
962	436
962	666
962	717
962	832
962	852
962	874
962	894
962	919
962	967
962	1000
963	37
963	291
963	591
963	702
963	748
963	770
963	849
963	871
963	878
963	977
964	289
964	368
964	476
964	630
964	897
964	915
964	928
964	931
964	995
964	998
965	45
965	60
965	437
965	457
965	611
965	676
965	764
965	780
965	862
965	951
966	675
966	841
966	867
966	903
966	906
966	953
966	957
966	958
966	986
966	990
967	2
967	42
967	279
967	744
967	874
967	889
967	894
967	903
967	920
967	942
968	125
968	319
968	602
968	603
968	788
968	827
968	854
968	909
968	919
968	959
969	54
969	95
969	146
969	310
969	384
969	595
969	757
969	788
969	834
969	968
970	91
970	252
970	308
970	328
970	428
970	510
970	546
970	548
970	831
970	839
971	64
971	528
971	657
971	835
971	840
971	846
971	870
971	875
971	946
971	984
972	526
972	625
972	677
972	726
972	736
972	785
972	849
972	952
972	954
972	994
973	598
973	608
973	635
973	668
973	755
973	787
973	873
973	884
973	886
973	976
974	36
974	72
974	194
974	221
974	674
974	720
974	757
974	773
974	839
974	977
975	8
975	141
975	191
975	325
975	713
975	732
975	858
975	930
975	945
975	994
976	402
976	425
976	433
976	565
976	567
976	768
976	864
976	898
976	968
976	989
977	26
977	127
977	299
977	341
977	545
977	556
977	771
977	861
977	922
977	960
978	189
978	245
978	324
978	532
978	809
978	858
978	859
978	873
978	917
978	979
979	269
979	376
979	564
979	678
979	735
979	809
979	858
979	917
979	950
979	978
980	95
980	324
980	524
980	737
980	756
980	824
980	854
980	929
980	982
980	988
981	242
981	246
981	319
981	583
981	623
981	773
981	779
981	813
981	910
981	948
982	305
982	424
982	546
982	737
982	766
982	802
982	824
982	854
982	929
982	988
983	405
983	533
983	638
983	763
983	860
983	867
983	902
983	912
983	925
983	965
984	410
984	676
984	681
984	707
984	727
984	835
984	840
984	875
984	907
984	946
985	16
985	55
985	108
985	214
985	629
985	792
985	845
985	936
985	951
985	965
986	258
986	675
986	700
986	762
986	776
986	841
986	867
986	926
986	946
986	958
987	170
987	262
987	410
987	411
987	590
987	882
987	891
987	926
987	949
987	952
988	70
988	95
988	311
988	497
988	657
988	737
988	757
988	802
988	854
988	980
989	101
989	630
989	642
989	768
989	813
989	819
989	860
989	898
989	958
989	975
990	59
990	181
990	421
990	615
990	751
990	841
990	953
990	958
990	966
990	986
991	41
991	83
991	516
991	805
991	885
991	933
991	943
991	959
991	967
991	979
992	682
992	697
992	724
992	754
992	760
992	786
992	836
992	903
992	905
992	921
993	327
993	453
993	544
993	660
993	676
993	725
993	765
993	868
993	932
994	62
994	334
994	336
994	505
994	659
994	778
994	853
994	911
994	930
994	955
995	119
995	268
995	511
995	520
995	724
995	810
995	822
995	838
995	860
995	931
996	72
996	321
996	508
996	509
996	518
996	707
996	826
996	881
996	896
996	990
997	504
997	505
997	694
997	831
997	854
997	864
997	906
997	921
997	924
997	957
998	346
998	348
998	465
998	673
998	734
998	786
998	903
998	904
998	945
998	982
999	132
999	454
999	620
999	739
999	799
999	834
999	835
999	856
999	889
999	956
1000	413
1000	580
1000	675
1000	762
1000	780
1000	842
1000	851
1000	926
1000	942
1000	959
