1	261 
2	553 
3	625 
4	558 
5	571 
6	693 
7	436 
8	359 
9	447 
10	391 
11	141 
12	494 
13	260 
14	252 
15	632 
16	240 
17	266 
18	351 
19	202 
20	44 
21	705 
22	199 
23	421 
24	292 
25	661 
26	335 
27	431 
28	515 
29	15 
30	377 
31	243 
32	682 
33	292 
34	603 
35	61 
36	268 
37	550 
38	322 
39	401 
40	403 
41	116 
42	644 
43	529 
44	678 
45	193 
46	314 
47	564 
48	284 
49	349 
50	163 
51	531 
52	649 
53	167 
54	609 
55	208 
56	665 
57	513 
58	514 
59	569 
60	644 
61	579 
62	170 
63	439 
64	94 
65	341 
66	346 
67	609 
68	420 
69	355 
70	626 
71	628 
72	148 
73	539 
74	56 
75	457 
76	398 
77	278 
78	221 
79	595 
80	536 
81	324 
82	597 
83	699 
84	698 
85	363 
86	232 
87	225 
88	413 
89	396 
90	427 
91	34 
92	671 
93	418 
94	413 
95	89 
96	582 
97	340 
98	547 
99	632 
100	533 
101	142 
102	698 
103	297 
104	74 
105	692 
106	289 
107	55 
108	617 
109	190 
110	7 
111	77 
112	138 
113	511 
114	34 
115	643 
116	454 
117	198 
118	675 
119	329 
120	121 
121	679 
122	142 
123	53 
124	704 
125	455 
126	670 
127	517 
128	290 
129	28 
130	409 
131	174 
132	151 
133	196 
134	267 
135	62 
136	501 
137	640 
138	385 
139	239 
140	529 
141	623 
142	410 
143	373 
144	148 
145	257 
146	148 
147	641 
148	480 
149	423 
150	327 
151	98 
152	65 
153	84 
154	191 
155	322 
156	184 
157	28 
158	462 
159	462 
160	627 
161	621 
162	69 
163	22 
164	240 
165	241 
166	43 
167	293 
168	677 
169	514 
170	563 
171	483 
172	39 
173	524 
174	675 
175	158 
176	648 
177	137 
178	665 
179	82 
180	453 
181	447 
182	609 
183	130 
184	97 
185	648 
186	411 
187	385 
188	662 
189	122 
190	536 
191	109 
192	699 
193	716 
194	699 
195	152 
196	86 
197	338 
198	72 
199	530 
200	400 
201	420 
202	438 
203	256 
204	214 
205	398 
206	257 
207	354 
208	183 
209	394 
210	5 
211	286 
212	550 
213	686 
214	358 
215	332 
216	429 
217	432 
218	334 
219	281 
220	471 
221	145 
222	222 
223	269 
224	555 
225	50 
226	644 
227	678 
228	575 
229	220 
230	534 
231	475 
232	321 
233	188 
234	490 
235	31 
236	209 
237	160 
238	288 
239	305 
240	514 
241	427 
242	632 
243	370 
244	39 
245	169 
246	256 
247	707 
248	402 
249	532 
250	278 
251	161 
252	346 
253	161 
254	432 
255	564 
256	274 
257	548 
258	526 
259	653 
260	59 
261	371 
262	447 
263	82 
264	291 
265	398 
266	683 
267	500 
268	177 
269	97 
270	534 
271	601 
272	8 
273	171 
274	290 
275	624 
276	606 
277	344 
278	466 
279	203 
280	624 
281	601 
282	699 
283	615 
284	342 
285	502 
286	396 
287	411 
288	20 
289	261 
290	419 
291	202 
292	492 
293	234 
294	616 
295	537 
296	247 
297	238 
298	212 
299	56 
300	276 
301	650 
302	204 
303	146 
304	6 
305	438 
306	559 
307	498 
308	257 
309	265 
310	329 
311	420 
312	615 
313	569 
314	258 
315	205 
316	43 
317	89 
318	351 
319	558 
320	402 
321	205 
322	260 
323	290 
324	543 
325	380 
326	8 
327	313 
328	661 
329	650 
330	217 
331	13 
332	481 
333	521 
334	718 
335	207 
336	699 
337	124 
338	609 
339	457 
340	261 
341	649 
342	646 
343	391 
344	396 
345	338 
346	446 
347	345 
348	356 
349	287 
350	573 
351	69 
352	433 
353	206 
354	269 
355	664 
356	565 
357	321 
358	100 
359	149 
360	299 
361	670 
362	628 
363	105 
364	175 
365	521 
366	315 
367	277 
368	518 
369	136 
370	195 
371	317 
372	269 
373	529 
374	20 
375	206 
376	415 
377	180 
378	455 
379	677 
380	377 
381	20 
382	576 
383	131 
384	665 
385	506 
386	155 
387	443 
388	669 
389	594 
390	649 
391	285 
392	164 
393	309 
394	583 
395	719 
396	106 
397	140 
398	470 
399	611 
400	673 
401	206 
402	537 
403	346 
404	63 
405	164 
406	115 
407	304 
408	582 
409	489 
410	39 
411	155 
412	127 
413	176 
414	237 
415	370 
416	312 
417	423 
418	51 
419	40 
420	66 
421	143 
422	349 
423	668 
424	9 
425	671 
426	417 
427	654 
428	178 
429	660 
430	368 
431	512 
432	61 
433	449 
434	645 
435	453 
436	502 
437	156 
438	498 
439	146 
440	445 
441	492 
442	20 
443	257 
444	250 
445	360 
446	222 
447	604 
448	661 
449	655 
450	518 
451	450 
452	459 
453	216 
454	514 
455	569 
456	76 
457	25 
458	426 
459	596 
460	411 
461	609 
462	669 
463	184 
464	576 
465	299 
466	375 
467	257 
468	373 
469	472 
470	240 
471	699 
472	432 
473	496 
474	99 
475	464 
476	608 
477	138 
478	424 
479	46 
480	194 
481	339 
482	342 
483	20 
484	515 
485	72 
486	341 
487	693 
488	359 
489	621 
490	331 
491	241 
492	112 
493	342 
494	415 
495	483 
496	698 
497	546 
498	254 
499	190 
500	121 
501	662 
502	19 
503	236 
504	411 
505	343 
506	396 
507	83 
508	343 
509	114 
510	181 
511	618 
512	391 
513	308 
514	275 
515	73 
516	79 
517	475 
518	101 
519	243 
520	447 
521	265 
522	169 
523	240 
524	672 
525	622 
526	92 
527	584 
528	601 
529	321 
530	558 
531	91 
532	286 
533	475 
534	651 
535	130 
536	445 
537	45 
538	623 
539	115 
540	613 
541	711 
542	92 
543	25 
544	665 
545	403 
546	635 
547	495 
548	437 
549	673 
550	88 
551	719 
552	571 
553	214 
554	111 
555	501 
556	520 
557	401 
558	571 
559	432 
560	188 
561	115 
562	101 
563	394 
564	719 
565	639 
566	75 
567	6 
568	376 
569	685 
570	229 
571	317 
572	50 
573	678 
574	12 
575	116 
576	319 
577	420 
578	322 
579	587 
580	179 
581	141 
582	422 
583	189 
584	184 
585	32 
586	260 
587	116 
588	114 
589	576 
590	157 
591	381 
592	257 
593	562 
594	103 
595	207 
596	555 
597	209 
598	455 
599	474 
600	188 
601	79 
602	154 
603	681 
604	418 
605	406 
606	512 
607	95 
608	609 
609	116 
610	713 
611	583 
612	623 
613	221 
614	317 
615	68 
616	705 
617	404 
618	279 
619	377 
620	306 
621	688 
622	246 
623	436 
624	685 
625	533 
626	88 
627	292 
628	134 
629	183 
630	483 
631	88 
632	259 
633	30 
634	130 
635	356 
636	194 
637	636 
638	494 
639	696 
640	515 
641	474 
642	609 
643	243 
644	439 
645	613 
646	542 
647	35 
648	512 
649	127 
650	294 
651	61 
652	53 
653	448 
654	295 
655	366 
656	644 
657	460 
658	61 
659	297 
660	611 
661	641 
662	146 
663	258 
664	313 
665	697 
666	495 
667	68 
668	512 
669	114 
670	23 
671	629 
672	399 
673	659 
674	232 
675	523 
676	529 
677	192 
678	8 
679	443 
680	511 
681	75 
682	183 
683	577 
684	601 
685	623 
686	97 
687	375 
688	154 
689	10 
690	11 
691	250 
692	618 
693	110 
694	75 
695	113 
696	510 
697	559 
698	584 
699	564 
700	695 
701	686 
702	137 
703	162 
704	89 
705	232 
706	107 
707	100 
708	677 
709	599 
710	596 
711	506 
712	432 
713	352 
714	329 
715	562 
716	450 
717	535 
718	712 
719	173 
720	105 
721	672 
722	653 
723	400 
724	573 
725	634 
726	496 
727	16 
728	599 
729	523 
730	524 
731	250 
732	104 
733	682 
734	510 
735	648 
736	299 
737	108 
738	349 
739	48 
740	607 
741	71 
742	356 
743	410 
744	119 
745	62 
746	238 
747	164 
748	270 
749	184 
750	499 
751	534 
752	666 
753	26 
754	700 
755	408 
756	148 
757	518 
758	382 
759	6 
760	325 
761	570 
762	132 
763	220 
764	389 
765	669 
766	591 
767	358 
768	199 
769	16 
770	97 
771	416 
772	91 
773	145 
774	309 
775	84 
776	577 
777	593 
778	494 
779	114 
780	627 
781	313 
782	87 
783	24 
784	532 
785	82 
786	300 
787	259 
788	133 
789	555 
790	385 
791	666 
792	632 
793	319 
794	44 
795	148 
796	650 
797	546 
798	579 
799	320 
800	88 
801	274 
802	435 
803	597 
804	52 
805	146 
806	75 
807	524 
808	9 
809	65 
810	373 
811	241 
812	292 
813	305 
814	493 
815	148 
816	70 
817	457 
818	580 
819	307 
820	666 
821	135 
822	654 
823	19 
824	451 
825	582 
826	539 
827	515 
828	25 
829	416 
830	480 
831	323 
832	243 
833	283 
834	460 
835	127 
836	436 
837	369 
838	379 
839	697 
840	238 
841	644 
842	24 
843	444 
844	597 
845	502 
846	70 
847	298 
848	512 
849	445 
850	568 
851	212 
852	657 
853	672 
854	57 
855	25 
856	361 
857	400 
858	78 
859	635 
860	50 
861	17 
862	145 
863	218 
864	490 
865	360 
866	486 
867	378 
868	341 
869	582 
870	640 
871	201 
872	317 
873	572 
874	65 
875	156 
876	344 
877	432 
878	412 
879	10 
880	118 
881	684 
882	104 
883	472 
884	294 
885	74 
886	454 
887	407 
888	640 
889	342 
890	415 
891	17 
892	324 
893	220 
894	336 
895	324 
896	260 
897	611 
898	638 
899	665 
900	699 
901	75 
902	63 
903	717 
904	665 
905	677 
906	161 
907	238 
908	561 
909	711 
910	415 
911	146 
912	576 
913	235 
914	597 
915	638 
916	486 
917	558 
918	393 
919	256 
920	43 
921	89 
922	716 
923	7 
924	628 
925	713 
926	398 
927	699 
928	221 
929	526 
930	660 
931	58 
932	220 
933	216 
934	440 
935	339 
936	691 
937	410 
938	553 
939	412 
940	329 
941	425 
942	443 
943	19 
944	108 
945	94 
946	437 
947	127 
948	32 
949	317 
950	431 
951	508 
952	133 
953	77 
954	415 
955	539 
956	566 
957	31 
958	398 
959	117 
960	601 
961	406 
962	382 
963	141 
964	650 
965	671 
966	121 
967	193 
968	461 
969	57 
970	276 
971	269 
972	15 
973	371 
974	570 
975	407 
976	150 
977	717 
978	92 
979	667 
980	522 
981	399 
982	491 
983	555 
984	574 
985	561 
986	90 
987	358 
988	634 
989	221 
990	346 
991	464 
992	88 
993	235 
994	632 
995	345 
996	373 
997	587 
998	141 
999	289 
1000	624 
1001	608 
1002	68 
1003	58 
1004	186 
1005	486 
1006	601 
1007	562 
1008	174 
1009	563 
1010	227 
1011	456 
1012	462 
1013	647 
1014	92 
1015	483 
1016	519 
1017	220 
1018	498 
1019	20 
1020	279 
1021	698 
1022	22 
1023	483 
1024	130 
1025	416 
1026	538 
1027	49 
1028	103 
1029	110 
1030	357 
1031	656 
1032	598 
1033	596 
1034	81 
1035	75 
1036	672 
1037	606 
1038	633 
1039	138 
1040	68 
1041	183 
1042	517 
1043	306 
1044	376 
1045	540 
1046	145 
1047	78 
1048	88 
1049	189 
1050	65 
1051	174 
1052	386 
1053	368 
1054	607 
1055	348 
1056	99 
1057	627 
1058	712 
1059	141 
1060	229 
1061	182 
1062	235 
1063	221 
1064	155 
1065	502 
1066	192 
1067	454 
1068	317 
1069	405 
1070	346 
1071	628 
1072	306 
1073	620 
1074	709 
1075	452 
1076	320 
1077	149 
1078	637 
1079	411 
1080	88 
1081	264 
1082	59 
1083	183 
1084	441 
1085	64 
1086	432 
1087	336 
1088	268 
1089	259 
1090	297 
1091	410 
1092	678 
1093	696 
1094	634 
1095	416 
1096	551 
1097	278 
1098	635 
1099	122 
1100	683 
1101	8 
1102	591 
1103	226 
1104	30 
1105	573 
1106	321 
1107	683 
1108	209 
1109	499 
1110	287 
1111	350 
1112	9 
1113	502 
1114	658 
1115	622 
1116	202 
1117	621 
1118	709 
1119	460 
1120	373 
1121	230 
1122	529 
1123	256 
1124	570 
1125	237 
1126	440 
1127	485 
1128	416 
1129	101 
1130	463 
1131	608 
1132	138 
1133	412 
1134	557 
1135	414 
1136	513 
1137	74 
1138	678 
1139	221 
1140	45 
1141	651 
1142	274 
1143	185 
1144	112 
1145	313 
1146	493 
1147	261 
1148	356 
1149	16 
1150	526 
1151	176 
1152	438 
1153	315 
1154	199 
1155	483 
1156	127 
1157	639 
1158	221 
1159	415 
1160	474 
1161	394 
1162	322 
1163	711 
1164	636 
1165	60 
1166	669 
1167	158 
1168	419 
1169	262 
1170	384 
1171	478 
1172	666 
1173	335 
1174	384 
1175	705 
1176	303 
1177	384 
1178	85 
1179	699 
1180	224 
1181	481 
1182	521 
1183	569 
1184	584 
1185	16 
1186	360 
1187	448 
1188	278 
1189	48 
1190	63 
1191	455 
1192	266 
1193	496 
1194	376 
1195	632 
1196	121 
1197	564 
1198	285 
1199	173 
1200	504 
1201	47 
1202	81 
1203	373 
1204	41 
1205	420 
1206	652 
1207	646 
1208	95 
1209	678 
1210	439 
1211	671 
1212	491 
1213	140 
1214	254 
1215	480 
1216	569 
1217	232 
1218	271 
1219	266 
1220	547 
1221	454 
1222	258 
1223	526 
1224	509 
1225	700 
1226	467 
1227	607 
1228	617 
1229	499 
1230	555 
1231	572 
1232	67 
1233	324 
1234	314 
1235	39 
1236	260 
1237	227 
1238	130 
1239	46 
1240	130 
1241	242 
1242	194 
1243	599 
1244	301 
1245	290 
1246	321 
1247	462 
1248	49 
1249	76 
1250	149 
1251	327 
1252	183 
1253	191 
1254	123 
1255	181 
1256	354 
1257	372 
1258	290 
1259	690 
1260	278 
1261	92 
1262	311 
1263	38 
1264	17 
1265	204 
1266	695 
1267	87 
1268	369 
1269	286 
1270	528 
1271	300 
1272	492 
1273	164 
1274	637 
1275	626 
1276	1 
1277	268 
1278	278 
1279	587 
1280	14 
1281	332 
1282	235 
1283	39 
1284	497 
1285	561 
1286	568 
1287	56 
1288	9 
1289	362 
1290	353 
1291	563 
1292	287 
1293	432 
1294	283 
1295	707 
1296	611 
1297	353 
1298	186 
1299	142 
1300	177 
1301	583 
1302	279 
1303	686 
1304	210 
1305	609 
1306	438 
1307	3 
1308	480 
1309	390 
1310	658 
1311	687 
1312	19 
1313	14 
1314	357 
1315	603 
1316	518 
1317	120 
1318	456 
1319	123 
1320	377 
1321	606 
1322	455 
1323	66 
1324	258 
1325	384 
1326	123 
1327	397 
1328	285 
1329	431 
1330	537 
1331	459 
1332	147 
1333	339 
1334	633 
1335	275 
1336	449 
1337	592 
1338	588 
1339	335 
1340	39 
1341	236 
1342	651 
1343	707 
1344	19 
1345	555 
1346	3 
1347	168 
1348	667 
1349	57 
1350	451 
1351	499 
1352	346 
1353	65 
1354	35 
1355	424 
1356	20 
1357	611 
1358	307 
1359	240 
1360	243 
1361	111 
1362	270 
1363	283 
1364	464 
1365	338 
1366	127 
1367	542 
1368	19 
1369	283 
1370	332 
1371	92 
1372	420 
1373	224 
1374	603 
1375	233 
1376	86 
1377	471 
1378	630 
1379	506 
1380	562 
1381	3 
1382	180 
1383	316 
1384	421 
1385	643 
1386	144 
1387	112 
1388	604 
1389	159 
1390	169 
1391	67 
1392	599 
1393	144 
1394	7 
1395	543 
1396	260 
1397	220 
1398	696 
1399	563 
1400	590 
1401	427 
1402	627 
1403	342 
1404	369 
1405	290 
1406	494 
1407	49 
1408	186 
1409	224 
1410	573 
1411	501 
1412	520 
1413	707 
1414	483 
1415	566 
1416	364 
1417	292 
1418	250 
1419	300 
1420	241 
1421	154 
1422	491 
1423	11 
1424	582 
1425	174 
1426	444 
1427	422 
1428	681 
1429	549 
1430	381 
1431	659 
1432	419 
1433	547 
1434	513 
1435	115 
1436	107 
1437	578 
1438	681 
1439	64 
1440	569 
1441	299 
1442	244 
1443	599 
1444	291 
1445	357 
1446	427 
1447	59 
1448	344 
1449	281 
1450	307 
1451	546 
1452	414 
1453	131 
1454	3 
1455	694 
1456	539 
1457	622 
1458	653 
1459	122 
1460	405 
1461	469 
1462	295 
1463	342 
1464	509 
1465	263 
1466	397 
1467	614 
1468	35 
1469	533 
1470	338 
1471	604 
1472	250 
1473	172 
1474	2 
1475	218 
1476	285 
1477	103 
1478	715 
1479	385 
1480	183 
1481	575 
1482	696 
1483	208 
1484	155 
1485	483 
1486	499 
1487	18 
1488	426 
1489	274 
1490	455 
1491	378 
1492	181 
1493	263 
1494	364 
1495	134 
1496	653 
1497	586 
1498	288 
1499	403 
1500	496 
1501	660 
1502	473 
1503	277 
1504	297 
1505	640 
1506	538 
1507	538 
1508	396 
1509	671 
1510	694 
1511	707 
1512	15 
1513	448 
1514	136 
1515	398 
1516	36 
1517	267 
1518	90 
1519	97 
1520	650 
1521	551 
1522	292 
1523	398 
1524	232 
1525	373 
1526	475 
1527	259 
1528	281 
1529	440 
1530	300 
1531	156 
1532	545 
1533	518 
1534	617 
1535	561 
1536	291 
1537	8 
1538	181 
1539	380 
1540	239 
1541	591 
1542	361 
1543	408 
1544	590 
1545	358 
1546	490 
1547	269 
1548	587 
1549	582 
1550	594 
1551	417 
1552	698 
1553	676 
1554	410 
1555	319 
1556	450 
1557	410 
1558	286 
1559	538 
1560	39 
1561	453 
1562	631 
1563	317 
1564	34 
1565	671 
1566	711 
1567	26 
1568	599 
1569	260 
1570	266 
1571	511 
1572	635 
1573	461 
1574	303 
1575	304 
1576	466 
1577	412 
1578	254 
1579	75 
1580	444 
1581	598 
1582	420 
1583	590 
1584	708 
1585	270 
1586	315 
1587	254 
1588	717 
1589	169 
1590	683 
1591	414 
1592	435 
1593	132 
1594	138 
1595	576 
1596	625 
1597	696 
1598	565 
1599	563 
1600	436 
1601	387 
1602	644 
1603	142 
1604	145 
1605	666 
1606	639 
1607	228 
1608	519 
1609	469 
1610	136 
1611	64 
1612	399 
1613	598 
1614	10 
1615	150 
1616	693 
1617	549 
1618	482 
1619	116 
1620	171 
1621	652 
1622	674 
1623	323 
1624	606 
1625	595 
1626	455 
1627	560 
1628	393 
1629	122 
1630	559 
1631	703 
1632	311 
1633	590 
1634	426 
1635	338 
1636	19 
1637	389 
1638	570 
1639	367 
1640	350 
1641	672 
1642	180 
1643	643 
1644	323 
1645	185 
1646	572 
1647	157 
1648	447 
1649	91 
1650	380 
1651	366 
1652	260 
1653	480 
1654	197 
1655	75 
1656	489 
1657	193 
1658	154 
1659	570 
1660	689 
1661	639 
1662	535 
1663	162 
1664	679 
1665	574 
1666	310 
1667	584 
1668	504 
1669	649 
1670	80 
1671	70 
1672	718 
1673	128 
1674	49 
1675	166 
1676	351 
1677	225 
1678	76 
1679	494 
1680	546 
1681	105 
1682	429 
1683	183 
1684	458 
1685	359 
1686	626 
1687	48 
1688	362 
1689	247 
1690	703 
1691	41 
1692	133 
1693	647 
1694	105 
1695	278 
1696	346 
1697	362 
1698	223 
1699	269 
1700	465 
1701	219 
1702	213 
1703	267 
1704	637 
1705	686 
1706	373 
1707	385 
1708	358 
1709	601 
1710	57 
1711	676 
1712	643 
1713	212 
1714	215 
1715	666 
1716	133 
1717	364 
1718	414 
1719	506 
1720	107 
1721	87 
1722	649 
1723	642 
1724	74 
1725	56 
1726	539 
1727	113 
1728	126 
1729	4 
1730	509 
1731	240 
1732	548 
1733	158 
1734	523 
1735	210 
1736	393 
1737	275 
1738	592 
1739	8 
1740	428 
1741	344 
1742	415 
1743	254 
1744	115 
1745	227 
1746	640 
1747	549 
1748	317 
1749	260 
1750	72 
1751	463 
1752	658 
1753	258 
1754	621 
1755	585 
1756	645 
1757	614 
1758	158 
1759	503 
1760	118 
1761	349 
1762	361 
1763	524 
1764	81 
1765	124 
1766	699 
1767	119 
1768	302 
1769	541 
1770	618 
1771	278 
1772	654 
1773	10 
1774	261 
1775	130 
1776	189 
1777	157 
1778	443 
1779	148 
1780	23 
1781	66 
1782	148 
1783	447 
1784	470 
1785	563 
1786	67 
1787	286 
1788	143 
1789	197 
1790	683 
1791	430 
1792	212 
1793	64 
1794	81 
1795	455 
1796	513 
1797	106 
1798	327 
1799	478 
1800	285 
1801	198 
1802	170 
1803	358 
1804	415 
1805	367 
1806	627 
1807	100 
1808	717 
1809	305 
1810	62 
1811	593 
1812	106 
1813	572 
1814	683 
1815	97 
1816	492 
1817	280 
1818	687 
1819	590 
1820	495 
1821	616 
1822	609 
1823	443 
1824	496 
1825	165 
1826	315 
1827	335 
1828	697 
1829	157 
1830	343 
1831	326 
1832	96 
1833	276 
1834	307 
1835	632 
1836	373 
1837	673 
1838	459 
1839	590 
1840	711 
1841	88 
1842	120 
1843	591 
1844	526 
1845	21 
1846	205 
1847	372 
1848	697 
1849	670 
1850	666 
1851	631 
1852	194 
1853	231 
1854	287 
1855	163 
1856	625 
1857	8 
1858	709 
1859	591 
1860	176 
1861	146 
1862	597 
1863	183 
1864	425 
1865	707 
1866	260 
1867	683 
1868	315 
1869	368 
1870	429 
1871	656 
1872	447 
1873	286 
1874	657 
1875	63 
1876	223 
1877	36 
1878	429 
1879	716 
1880	457 
1881	145 
1882	207 
1883	39 
1884	276 
1885	347 
1886	258 
1887	376 
1888	396 
1889	560 
1890	573 
1891	271 
1892	619 
1893	28 
1894	458 
1895	354 
1896	671 
1897	158 
1898	41 
1899	264 
1900	355 
1901	410 
1902	300 
1903	214 
1904	457 
1905	465 
1906	195 
1907	626 
1908	136 
1909	20 
1910	122 
1911	461 
1912	655 
1913	288 
1914	636 
1915	215 
1916	334 
1917	330 
1918	521 
1919	2 
1920	97 
1921	292 
1922	594 
1923	114 
1924	679 
1925	439 
1926	501 
1927	538 
1928	449 
1929	604 
1930	636 
1931	249 
1932	709 
1933	22 
1934	364 
1935	549 
1936	618 
1937	10 
1938	419 
1939	238 
1940	346 
1941	588 
1942	114 
1943	506 
1944	643 
1945	301 
1946	559 
1947	442 
1948	328 
1949	198 
1950	247 
1951	361 
1952	62 
1953	506 
1954	354 
1955	60 
1956	252 
1957	505 
1958	198 
1959	577 
1960	510 
1961	278 
1962	183 
1963	33 
1964	413 
1965	493 
1966	432 
1967	669 
1968	607 
1969	198 
1970	200 
1971	671 
1972	490 
1973	322 
1974	200 
1975	250 
1976	670 
1977	447 
1978	631 
1979	146 
1980	690 
1981	707 
1982	301 
1983	226 
1984	55 
1985	683 
1986	468 
1987	386 
1988	528 
1989	499 
1990	436 
1991	485 
1992	634 
1993	248 
1994	711 
1995	522 
1996	260 
1997	654 
1998	533 
1999	610 
2000	533 
2001	690 
2002	332 
2003	196 
2004	501 
2005	420 
2006	648 
2007	342 
2008	499 
2009	385 
2010	288 
2011	234 
2012	260 
2013	258 
2014	686 
2015	518 
2016	183 
2017	631 
2018	145 
2019	608 
2020	644 
2021	376 
2022	696 
2023	551 
2024	517 
2025	382 
2026	539 
2027	260 
2028	331 
2029	512 
2030	622 
2031	75 
2032	64 
2033	591 
2034	361 
2035	161 
2036	510 
2037	655 
2038	287 
2039	697 
2040	425 
2041	82 
2042	575 
2043	383 
2044	482 
2045	476 
2046	280 
2047	278 
2048	415 
2049	668 
2050	18 
2051	64 
2052	417 
2053	212 
2054	594 
2055	632 
2056	455 
2057	507 
2058	453 
2059	582 
2060	626 
2061	710 
2062	380 
2063	260 
2064	638 
2065	531 
2066	506 
2067	532 
2068	358 
2069	187 
2070	46 
2071	428 
2072	575 
2073	248 
2074	444 
2075	446 
2076	134 
2077	359 
2078	600 
2079	477 
2080	703 
2081	576 
2082	498 
2083	202 
2084	252 
2085	658 
2086	349 
2087	520 
2088	124 
2089	580 
2090	666 
2091	258 
2092	191 
2093	169 
2094	193 
2095	267 
2096	43 
2097	82 
2098	278 
2099	565 
2100	275 
2101	315 
2102	365 
2103	504 
2104	258 
2105	368 
2106	316 
2107	306 
2108	322 
2109	110 
2110	634 
2111	257 
2112	79 
2113	378 
2114	405 
2115	154 
2116	265 
2117	48 
2118	470 
2119	518 
2120	411 
2121	514 
2122	141 
2123	195 
2124	382 
2125	692 
2126	72 
2127	420 
2128	639 
2129	570 
2130	510 
2131	7 
2132	60 
2133	201 
2134	22 
2135	97 
2136	239 
2137	381 
2138	661 
2139	436 
2140	457 
2141	237 
2142	477 
2143	446 
2144	330 
2145	111 
2146	273 
2147	533 
2148	292 
2149	207 
2150	581 
2151	258 
2152	569 
2153	514 
2154	597 
2155	338 
2156	190 
2157	292 
2158	136 
2159	432 
2160	197 
2161	129 
2162	384 
2163	556 
2164	596 
2165	278 
2166	433 
2167	538 
2168	339 
2169	257 
2170	71 
2171	301 
2172	7 
2173	128 
2174	500 
2175	565 
2176	250 
2177	646 
2178	462 
2179	650 
2180	235 
2181	546 
2182	261 
2183	644 
2184	88 
2185	357 
2186	136 
2187	552 
2188	315 
2189	84 
2190	468 
2191	84 
2192	478 
2193	256 
2194	350 
2195	59 
2196	245 
2197	176 
2198	644 
2199	463 
2200	317 
2201	458 
2202	203 
2203	145 
2204	52 
2205	152 
2206	381 
2207	403 
2208	656 
2209	343 
2210	281 
2211	710 
2212	594 
2213	679 
2214	350 
2215	637 
2216	92 
2217	162 
2218	336 
2219	29 
2220	704 
2221	258 
2222	127 
2223	400 
2224	268 
2225	211 
2226	540 
2227	502 
2228	126 
2229	380 
2230	245 
2231	378 
2232	707 
2233	222 
2234	25 
2235	501 
2236	180 
2237	94 
2238	179 
2239	27 
2240	492 
2241	683 
2242	412 
2243	299 
2244	221 
2245	267 
2246	468 
2247	288 
2248	116 
2249	497 
2250	258 
2251	100 
2252	546 
2253	602 
2254	698 
2255	542 
2256	421 
2257	663 
2258	586 
2259	267 
2260	272 
2261	410 
2262	712 
2263	69 
2264	141 
2265	538 
2266	447 
2267	536 
2268	533 
2269	462 
2270	536 
2271	560 
2272	552 
2273	683 
2274	288 
2275	540 
2276	145 
2277	658 
2278	626 
2279	341 
2280	531 
2281	625 
2282	183 
2283	112 
2284	594 
2285	613 
2286	315 
2287	353 
2288	504 
2289	329 
2290	115 
2291	457 
2292	111 
2293	636 
2294	212 
2295	112 
2296	401 
2297	288 
2298	283 
2299	140 
2300	680 
2301	570 
2302	376 
2303	128 
2304	649 
2305	404 
2306	695 
2307	569 
2308	43 
2309	641 
2310	177 
2311	310 
2312	224 
2313	557 
2314	498 
2315	65 
2316	719 
2317	378 
2318	110 
2319	80 
2320	249 
2321	550 
2322	645 
2323	698 
2324	719 
2325	32 
2326	288 
2327	209 
2328	671 
2329	444 
2330	244 
2331	263 
2332	194 
2333	435 
2334	286 
2335	538 
2336	669 
2337	535 
2338	512 
2339	64 
2340	622 
2341	622 
2342	307 
2343	236 
2344	496 
2345	401 
2346	286 
2347	32 
2348	186 
2349	670 
2350	43 
2351	660 
2352	74 
2353	77 
2354	467 
2355	316 
2356	446 
2357	37 
2358	268 
2359	663 
2360	520 
2361	537 
2362	334 
2363	634 
2364	269 
2365	641 
2366	460 
2367	39 
2368	392 
2369	278 
2370	653 
2371	129 
2372	608 
2373	257 
2374	107 
2375	325 
2376	368 
2377	64 
2378	377 
2379	13 
2380	357 
2381	345 
2382	260 
2383	381 
2384	635 
2385	115 
2386	24 
2387	120 
2388	49 
2389	415 
2390	374 
2391	2 
2392	67 
2393	73 
2394	510 
2395	64 
2396	57 
2397	531 
2398	355 
2399	350 
2400	148 
2401	542 
2402	528 
2403	399 
2404	648 
2405	380 
2406	690 
2407	270 
2408	84 
2409	246 
2410	256 
2411	290 
2412	38 
2413	686 
2414	241 
2415	540 
2416	143 
2417	421 
2418	352 
2419	173 
2420	250 
2421	590 
2422	313 
2423	622 
2424	690 
2425	99 
2426	164 
2427	337 
2428	410 
2429	95 
2430	32 
2431	174 
2432	194 
2433	531 
2434	416 
2435	688 
2436	391 
2437	121 
2438	351 
2439	266 
2440	498 
2441	646 
2442	710 
2443	558 
2444	162 
2445	373 
2446	402 
2447	12 
2448	254 
2449	285 
2450	559 
2451	435 
2452	616 
2453	550 
2454	232 
2455	579 
2456	417 
2457	369 
2458	295 
2459	158 
2460	49 
2461	222 
2462	605 
2463	197 
2464	443 
2465	652 
2466	48 
2467	529 
2468	31 
2469	392 
2470	590 
2471	433 
2472	385 
2473	113 
2474	321 
2475	291 
2476	701 
2477	168 
2478	541 
2479	441 
2480	588 
2481	299 
2482	172 
2483	496 
2484	492 
2485	100 
2486	161 
2487	258 
2488	108 
2489	156 
2490	698 
2491	165 
2492	490 
2493	433 
2494	182 
2495	142 
2496	115 
2497	216 
2498	184 
2499	65 
2500	418 
2501	194 
2502	560 
2503	291 
2504	148 
2505	316 
2506	280 
2507	638 
2508	239 
2509	566 
2510	271 
2511	321 
2512	431 
2513	257 
2514	401 
2515	127 
2516	432 
2517	527 
2518	582 
2519	304 
2520	349 
2521	183 
2522	455 
2523	548 
2524	163 
2525	123 
2526	465 
2527	596 
2528	114 
2529	284 
2530	636 
2531	560 
2532	663 
2533	14 
2534	219 
2535	237 
2536	214 
2537	246 
2538	245 
2539	712 
2540	105 
2541	585 
2542	206 
2543	5 
2544	285 
2545	447 
2546	33 
2547	472 
2548	237 
2549	220 
2550	692 
2551	89 
2552	338 
2553	447 
2554	539 
2555	108 
2556	79 
2557	694 
2558	601 
2559	216 
2560	707 
2561	184 
2562	643 
2563	237 
2564	253 
2565	657 
2566	718 
2567	703 
2568	702 
2569	690 
2570	83 
2571	220 
2572	541 
2573	6 
2574	200 
2575	342 
2576	55 
2577	686 
2578	461 
2579	467 
2580	645 
2581	324 
2582	2 
2583	552 
2584	631 
2585	207 
2586	485 
2587	443 
2588	622 
2589	657 
2590	553 
2591	98 
2592	239 
2593	398 
2594	640 
2595	443 
2596	703 
2597	626 
2598	119 
2599	469 
2600	132 
2601	241 
2602	592 
2603	636 
2604	669 
2605	115 
2606	71 
2607	290 
2608	258 
2609	8 
2610	117 
2611	708 
2612	342 
2613	154 
2614	147 
2615	21 
2616	507 
2617	590 
2618	492 
2619	316 
2620	338 
2621	317 
2622	655 
2623	458 
2624	563 
2625	278 
2626	304 
2627	266 
2628	362 
2629	455 
2630	113 
2631	711 
2632	440 
2633	242 
2634	133 
2635	417 
2636	461 
2637	713 
2638	198 
2639	443 
2640	34 
2641	568 
2642	600 
2643	328 
2644	27 
2645	571 
2646	524 
2647	233 
2648	51 
2649	685 
2650	386 
2651	380 
2652	461 
2653	548 
2654	563 
2655	385 
2656	325 
2657	331 
2658	292 
2659	519 
2660	265 
2661	13 
2662	633 
2663	174 
2664	281 
2665	597 
2666	484 
2667	702 
2668	307 
2669	361 
2670	411 
2671	56 
2672	446 
2673	665 
2674	97 
2675	643 
2676	387 
2677	667 
2678	14 
2679	113 
2680	9 
2681	266 
2682	512 
2683	240 
2684	326 
2685	509 
2686	396 
2687	95 
2688	16 
2689	291 
2690	31 
2691	152 
2692	327 
2693	265 
2694	258 
2695	215 
2696	200 
2697	328 
2698	559 
2699	315 
2700	51 
2701	76 
2702	496 
2703	213 
2704	73 
2705	380 
2706	620 
2707	630 
2708	590 
2709	594 
2710	510 
2711	57 
2712	630 
2713	443 
2714	527 
2715	157 
2716	337 
2717	88 
2718	630 
2719	348 
2720	145 
2721	135 
2722	457 
2723	707 
2724	533 
2725	264 
2726	146 
2727	574 
2728	214 
2729	262 
2730	86 
2731	155 
2732	236 
2733	149 
2734	383 
2735	130 
2736	169 
2737	9 
2738	643 
2739	602 
2740	559 
2741	448 
2742	565 
2743	349 
2744	112 
2745	205 
2746	227 
2747	193 
2748	536 
2749	544 
2750	145 
2751	460 
2752	677 
2753	338 
2754	376 
2755	387 
2756	682 
2757	624 
2758	69 
2759	42 
2760	295 
2761	628 
2762	153 
2763	540 
2764	35 
2765	664 
2766	38 
2767	460 
2768	547 
2769	96 
2770	26 
2771	420 
2772	178 
2773	571 
2774	290 
2775	432 
2776	154 
2777	45 
2778	546 
2779	532 
2780	703 
2781	146 
2782	536 
2783	398 
2784	77 
2785	614 
2786	462 
2787	409 
2788	138 
2789	77 
2790	609 
2791	75 
2792	323 
2793	578 
2794	686 
2795	478 
2796	278 
2797	577 
2798	306 
2799	631 
2800	1 
2801	599 
2802	691 
2803	272 
2804	328 
2805	550 
2806	688 
2807	708 
2808	627 
2809	552 
2810	670 
2811	537 
2812	200 
2813	219 
2814	354 
2815	65 
2816	647 
2817	36 
2818	603 
2819	595 
2820	419 
2821	368 
2822	456 
2823	399 
2824	563 
2825	106 
2826	569 
2827	186 
2828	494 
2829	171 
2830	191 
2831	66 
2832	156 
2833	57 
2834	500 
2835	333 
2836	193 
2837	436 
2838	233 
2839	627 
2840	628 
2841	628 
2842	352 
2843	685 
2844	297 
2845	567 
2846	454 
2847	425 
2848	374 
2849	670 
2850	155 
2851	395 
2852	241 
2853	600 
2854	248 
2855	530 
2856	461 
2857	545 
2858	426 
2859	275 
2860	462 
2861	236 
2862	288 
2863	172 
2864	474 
2865	682 
2866	449 
2867	455 
2868	710 
2869	140 
2870	678 
2871	574 
2872	616 
2873	127 
2874	334 
2875	570 
2876	199 
2877	308 
2878	436 
2879	284 
2880	211 
2881	54 
2882	601 
2883	530 
2884	558 
2885	515 
2886	653 
2887	355 
2888	521 
2889	398 
2890	471 
2891	360 
2892	538 
2893	111 
2894	582 
2895	706 
2896	326 
2897	637 
2898	184 
2899	597 
2900	212 
2901	652 
2902	684 
2903	12 
2904	75 
2905	699 
2906	637 
2907	96 
2908	330 
2909	177 
2910	321 
2911	567 
2912	366 
2913	8 
2914	526 
2915	336 
2916	54 
2917	233 
2918	279 
2919	592 
2920	306 
2921	390 
2922	649 
2923	357 
2924	520 
2925	379 
2926	381 
2927	526 
2928	622 
2929	206 
2930	702 
2931	570 
2932	185 
2933	455 
2934	601 
2935	151 
2936	687 
2937	636 
2938	127 
2939	649 
2940	28 
2941	553 
2942	665 
2943	546 
2944	237 
2945	565 
2946	202 
2947	275 
2948	357 
2949	64 
2950	597 
2951	627 
2952	519 
2953	597 
2954	610 
2955	218 
2956	10 
2957	489 
2958	328 
2959	202 
2960	497 
2961	85 
2962	503 
2963	657 
2964	275 
2965	322 
2966	224 
2967	420 
2968	700 
2969	224 
2970	293 
2971	450 
2972	609 
2973	212 
2974	31 
2975	290 
2976	252 
2977	138 
2978	130 
2979	414 
2980	257 
2981	193 
2982	375 
2983	189 
2984	555 
2985	667 
2986	602 
2987	356 
2988	462 
2989	14 
2990	272 
2991	563 
2992	314 
2993	494 
2994	85 
2995	189 
2996	146 
2997	516 
2998	575 
2999	79 
3000	636 
3001	417 
3002	516 
3003	302 
3004	113 
3005	145 
3006	54 
3007	378 
3008	335 
3009	530 
3010	98 
3011	492 
3012	603 
3013	144 
3014	423 
3015	40 
3016	627 
3017	216 
3018	241 
3019	154 
3020	538 
3021	267 
3022	210 
3023	27 
3024	488 
3025	697 
3026	460 
3027	630 
3028	143 
3029	629 
3030	713 
3031	317 
3032	47 
3033	191 
3034	32 
3035	446 
3036	307 
3037	254 
3038	480 
3039	22 
3040	400 
3041	16 
3042	416 
3043	63 
3044	120 
3045	54 
3046	572 
3047	481 
3048	415 
3049	252 
3050	75 
3051	562 
3052	450 
3053	409 
3054	533 
3055	82 
3056	450 
3057	35 
3058	103 
3059	334 
3060	461 
3061	550 
3062	324 
3063	3 
3064	516 
3065	26 
3066	107 
3067	138 
3068	186 
3069	371 
3070	476 
3071	537 
3072	415 
3073	625 
3074	449 
3075	484 
3076	330 
3077	287 
3078	692 
3079	141 
3080	34 
3081	51 
3082	446 
3083	210 
3084	21 
3085	622 
3086	52 
3087	116 
3088	429 
3089	675 
3090	184 
3091	21 
3092	666 
3093	10 
3094	716 
3095	151 
3096	179 
3097	430 
3098	635 
3099	659 
3100	244 
3101	216 
3102	64 
3103	226 
3104	304 
3105	177 
3106	48 
3107	506 
3108	660 
3109	532 
3110	596 
3111	718 
3112	270 
3113	336 
3114	453 
3115	494 
3116	443 
3117	388 
3118	644 
3119	316 
3120	529 
3121	717 
3122	290 
3123	531 
3124	79 
3125	226 
3126	48 
3127	499 
3128	230 
3129	255 
3130	154 
3131	248 
3132	409 
3133	33 
3134	422 
3135	514 
3136	615 
3137	112 
3138	548 
3139	676 
3140	544 
3141	109 
3142	453 
3143	457 
3144	519 
3145	286 
3146	654 
3147	357 
3148	550 
3149	326 
3150	405 
3151	193 
3152	252 
3153	17 
3154	232 
3155	341 
3156	74 
3157	100 
3158	141 
3159	92 
3160	194 
3161	257 
3162	201 
3163	316 
3164	358 
3165	212 
3166	390 
3167	472 
3168	550 
3169	475 
3170	219 
3171	247 
3172	448 
3173	447 
3174	697 
3175	496 
3176	341 
3177	268 
3178	496 
3179	416 
3180	317 
3181	383 
3182	363 
3183	289 
3184	527 
3185	510 
3186	542 
3187	428 
3188	27 
3189	484 
3190	456 
3191	78 
3192	570 
3193	643 
3194	88 
3195	263 
3196	502 
3197	587 
3198	649 
3199	101 
3200	76 
3201	370 
3202	696 
3203	640 
3204	546 
3205	593 
3206	183 
3207	57 
3208	600 
3209	30 
3210	536 
3211	690 
3212	135 
3213	525 
3214	266 
3215	430 
3216	524 
3217	451 
3218	480 
3219	410 
3220	39 
3221	252 
3222	371 
3223	667 
3224	547 
3225	424 
3226	575 
3227	455 
3228	656 
3229	5 
3230	272 
3231	275 
3232	402 
3233	594 
3234	328 
3235	534 
3236	704 
3237	610 
3238	428 
3239	246 
3240	449 
3241	613 
3242	161 
3243	253 
3244	34 
3245	241 
3246	443 
3247	496 
3248	257 
3249	242 
3250	432 
3251	496 
3252	278 
3253	398 
3254	546 
3255	213 
3256	40 
3257	130 
3258	414 
3259	356 
3260	636 
3261	357 
3262	43 
3263	464 
3264	586 
3265	236 
3266	209 
3267	387 
3268	231 
3269	65 
3270	612 
3271	685 
3272	640 
3273	499 
3274	37 
3275	159 
3276	471 
3277	196 
3278	158 
3279	679 
3280	326 
3281	515 
3282	165 
3283	224 
3284	124 
3285	702 
3286	140 
3287	675 
3288	221 
3289	446 
3290	391 
3291	539 
3292	357 
3293	494 
3294	11 
3295	603 
3296	220 
3297	385 
3298	690 
3299	345 
3300	166 
3301	473 
3302	59 
3303	15 
3304	575 
3305	561 
3306	465 
3307	162 
3308	412 
3309	473 
3310	526 
3311	527 
3312	710 
3313	677 
3314	448 
3315	521 
3316	351 
3317	252 
3318	552 
3319	255 
3320	358 
3321	173 
3322	644 
3323	603 
3324	368 
3325	532 
3326	201 
3327	273 
3328	351 
3329	7 
3330	664 
3331	424 
3332	256 
3333	553 
3334	414 
3335	318 
3336	336 
3337	380 
3338	430 
3339	25 
3340	672 
3341	547 
3342	18 
3343	173 
3344	253 
3345	38 
3346	704 
3347	317 
3348	258 
3349	633 
3350	687 
3351	632 
3352	509 
3353	437 
3354	174 
3355	146 
3356	246 
3357	454 
3358	327 
3359	431 
3360	49 
3361	396 
3362	290 
3363	715 
3364	178 
3365	669 
3366	677 
3367	422 
3368	96 
3369	430 
3370	641 
3371	463 
3372	561 
3373	317 
3374	567 
3375	288 
3376	319 
3377	448 
3378	554 
3379	86 
3380	425 
3381	664 
3382	592 
3383	537 
3384	10 
3385	469 
3386	346 
3387	311 
3388	475 
3389	513 
3390	645 
3391	481 
3392	42 
3393	6 
3394	507 
3395	105 
3396	388 
3397	663 
3398	642 
3399	279 
3400	603 
3401	173 
3402	655 
3403	250 
3404	711 
3405	534 
3406	630 
3407	611 
3408	501 
3409	377 
3410	653 
3411	128 
3412	487 
3413	378 
3414	262 
3415	174 
3416	559 
3417	448 
3418	210 
3419	234 
3420	439 
3421	268 
3422	187 
3423	139 
3424	289 
3425	518 
3426	488 
3427	277 
3428	60 
3429	700 
3430	32 
3431	638 
3432	170 
3433	79 
3434	270 
3435	115 
3436	241 
3437	449 
3438	331 
3439	678 
3440	241 
3441	305 
3442	69 
3443	53 
3444	690 
3445	457 
3446	389 
3447	158 
3448	266 
3449	665 
3450	355 
3451	331 
3452	321 
3453	458 
3454	554 
3455	253 
3456	39 
3457	505 
3458	273 
3459	147 
3460	524 
3461	604 
3462	168 
3463	593 
3464	64 
3465	631 
3466	96 
3467	476 
3468	289 
3469	18 
3470	102 
3471	618 
3472	609 
3473	315 
3474	544 
3475	169 
3476	586 
3477	456 
3478	440 
3479	415 
3480	371 
3481	305 
3482	414 
3483	367 
3484	707 
3485	406 
3486	99 
3487	121 
3488	496 
3489	571 
3490	327 
3491	632 
3492	119 
3493	498 
3494	387 
3495	204 
3496	569 
3497	494 
3498	374 
3499	270 
3500	2 
3501	213 
3502	638 
3503	281 
3504	194 
3505	506 
3506	553 
3507	26 
3508	200 
3509	299 
3510	316 
3511	574 
3512	410 
3513	627 
3514	250 
3515	481 
3516	627 
3517	88 
3518	509 
3519	506 
3520	486 
3521	401 
3522	460 
3523	340 
3524	323 
3525	198 
3526	327 
3527	642 
3528	706 
3529	115 
3530	657 
3531	545 
3532	398 
3533	106 
3534	196 
3535	392 
3536	691 
3537	480 
3538	382 
3539	232 
3540	316 
3541	44 
3542	404 
3543	144 
3544	645 
3545	550 
3546	418 
3547	317 
3548	701 
3549	537 
3550	520 
3551	86 
3552	351 
3553	451 
3554	116 
3555	684 
3556	27 
3557	322 
3558	681 
3559	107 
3560	387 
3561	150 
3562	184 
3563	276 
3564	312 
3565	456 
3566	267 
3567	368 
3568	35 
3569	510 
3570	158 
3571	531 
3572	447 
3573	556 
3574	128 
3575	349 
3576	359 
3577	639 
3578	115 
3579	310 
3580	531 
3581	41 
3582	308 
3583	368 
3584	292 
3585	225 
3586	380 
3587	4 
3588	114 
3589	356 
3590	583 
3591	441 
3592	321 
3593	179 
3594	516 
3595	509 
3596	316 
3597	22 
3598	127 
3599	715 
3600	235 
3601	254 
3602	705 
3603	490 
3604	321 
3605	650 
3606	399 
3607	432 
3608	72 
3609	699 
3610	683 
3611	324 
3612	629 
3613	12 
3614	437 
3615	192 
3616	38 
3617	641 
3618	538 
3619	319 
3620	48 
3621	172 
3622	556 
3623	628 
3624	541 
3625	670 
3626	106 
3627	495 
3628	252 
3629	165 
3630	202 
3631	660 
3632	694 
3633	295 
3634	302 
3635	532 
3636	148 
3637	170 
3638	321 
3639	202 
3640	249 
3641	484 
3642	690 
3643	643 
3644	270 
3645	499 
3646	600 
3647	364 
3648	317 
3649	75 
3650	296 
3651	548 
3652	453 
3653	628 
3654	231 
3655	531 
3656	174 
3657	666 
3658	415 
3659	340 
3660	139 
3661	459 
3662	361 
3663	201 
3664	625 
3665	602 
3666	574 
3667	425 
3668	607 
3669	134 
3670	409 
3671	555 
3672	202 
3673	275 
3674	507 
3675	98 
3676	309 
3677	602 
3678	209 
3679	643 
3680	300 
3681	424 
3682	168 
3683	271 
3684	153 
3685	593 
3686	587 
3687	539 
3688	66 
3689	594 
3690	76 
3691	608 
3692	465 
3693	192 
3694	366 
3695	124 
3696	356 
3697	223 
3698	135 
3699	701 
3700	671 
3701	27 
3702	460 
3703	76 
3704	16 
3705	558 
3706	214 
3707	316 
3708	506 
3709	539 
3710	383 
3711	672 
3712	104 
3713	703 
3714	697 
3715	51 
3716	410 
3717	361 
3718	302 
3719	557 
3720	356 
3721	240 
3722	236 
3723	502 
3724	394 
3725	278 
3726	250 
3727	9 
3728	318 
3729	125 
3730	367 
3731	521 
3732	172 
3733	612 
3734	406 
3735	63 
3736	317 
3737	719 
3738	88 
3739	690 
3740	413 
3741	113 
3742	288 
3743	397 
3744	69 
3745	603 
3746	103 
3747	49 
3748	674 
3749	99 
3750	585 
3751	454 
3752	599 
3753	717 
3754	471 
3755	295 
3756	214 
3757	114 
3758	268 
3759	558 
3760	509 
3761	501 
3762	532 
3763	243 
3764	619 
3765	184 
3766	275 
3767	76 
3768	327 
3769	195 
3770	115 
3771	301 
3772	381 
3773	510 
3774	187 
3775	347 
3776	38 
3777	705 
3778	377 
3779	636 
3780	680 
3781	218 
3782	167 
3783	674 
3784	425 
3785	398 
3786	261 
3787	417 
3788	494 
3789	88 
3790	200 
3791	321 
3792	63 
3793	552 
3794	545 
3795	465 
3796	523 
3797	244 
3798	127 
3799	381 
3800	154 
3801	353 
3802	342 
3803	544 
3804	52 
3805	626 
3806	485 
3807	356 
3808	67 
3809	450 
3810	432 
3811	103 
3812	226 
3813	235 
3814	364 
3815	364 
3816	274 
3817	366 
3818	355 
3819	669 
3820	436 
3821	269 
3822	707 
3823	641 
3824	606 
3825	636 
3826	443 
3827	532 
3828	445 
3829	248 
3830	63 
3831	689 
3832	583 
3833	589 
3834	86 
3835	317 
3836	562 
3837	432 
3838	538 
3839	327 
3840	358 
3841	477 
3842	160 
3843	32 
3844	538 
3845	644 
3846	481 
3847	596 
3848	384 
3849	565 
3850	289 
3851	498 
3852	574 
3853	397 
3854	107 
3855	1 
3856	439 
3857	467 
3858	499 
3859	58 
3860	127 
3861	524 
3862	584 
3863	333 
3864	577 
3865	79 
3866	31 
3867	322 
3868	675 
3869	575 
3870	532 
3871	534 
3872	466 
3873	697 
3874	378 
3875	540 
3876	89 
3877	701 
3878	25 
3879	238 
3880	1 
3881	539 
3882	609 
3883	163 
3884	270 
3885	562 
3886	378 
3887	365 
3888	507 
3889	15 
3890	273 
3891	508 
3892	304 
3893	186 
3894	477 
3895	38 
3896	417 
3897	627 
3898	594 
3899	107 
3900	69 
3901	615 
3902	22 
3903	624 
3904	118 
3905	651 
3906	601 
3907	283 
3908	285 
3909	684 
3910	636 
3911	660 
3912	567 
3913	529 
3914	236 
3915	71 
3916	316 
3917	139 
3918	141 
3919	221 
3920	605 
3921	342 
3922	59 
3923	627 
3924	95 
3925	307 
3926	107 
3927	95 
3928	159 
3929	355 
3930	260 
3931	688 
3932	147 
3933	125 
3934	29 
3935	240 
3936	127 
3937	487 
3938	446 
3939	488 
3940	242 
3941	545 
3942	247 
3943	302 
3944	95 
3945	384 
3946	129 
3947	99 
3948	644 
3949	58 
3950	356 
3951	35 
3952	178 
3953	550 
3954	10 
3955	420 
3956	576 
3957	156 
3958	71 
3959	352 
3960	90 
3961	123 
3962	605 
3963	567 
3964	24 
3965	298 
3966	376 
3967	191 
3968	662 
3969	700 
3970	47 
3971	453 
3972	641 
3973	212 
3974	449 
3975	573 
3976	36 
3977	438 
3978	276 
3979	196 
3980	699 
3981	290 
3982	254 
3983	316 
3984	552 
3985	236 
3986	79 
3987	310 
3988	639 
3989	112 
3990	115 
3991	245 
3992	683 
3993	533 
3994	71 
3995	327 
3996	547 
3997	601 
3998	242 
3999	575 
4000	671 
4001	16 
4002	624 
4003	56 
4004	349 
4005	144 
4006	290 
4007	214 
4008	659 
4009	295 
4010	550 
4011	443 
4012	612 
4013	607 
4014	1 
4015	679 
4016	298 
4017	224 
4018	52 
4019	90 
4020	447 
4021	138 
4022	119 
4023	376 
4024	481 
4025	114 
4026	81 
4027	543 
4028	532 
4029	115 
4030	45 
4031	361 
4032	548 
4033	325 
4034	360 
4035	355 
4036	223 
4037	385 
4038	130 
4039	638 
4040	183 
4041	669 
4042	39 
4043	92 
4044	123 
4045	6 
4046	634 
4047	229 
4048	107 
4049	616 
4050	386 
4051	417 
4052	489 
4053	697 
4054	15 
4055	529 
4056	309 
4057	420 
4058	688 
4059	651 
4060	577 
4061	63 
4062	582 
4063	505 
4064	131 
4065	406 
4066	44 
4067	146 
4068	421 
4069	426 
4070	349 
4071	358 
4072	374 
4073	243 
4074	241 
4075	267 
4076	25 
4077	337 
4078	62 
4079	208 
4080	41 
4081	594 
4082	99 
4083	346 
4084	490 
4085	206 
4086	261 
4087	529 
4088	555 
4089	510 
4090	519 
4091	65 
4092	282 
4093	554 
4094	581 
4095	498 
4096	395 
4097	233 
4098	136 
4099	92 
4100	238 
4101	437 
4102	153 
4103	105 
4104	455 
4105	687 
4106	252 
4107	219 
4108	237 
4109	46 
4110	519 
4111	558 
4112	173 
4113	25 
4114	69 
4115	307 
4116	622 
4117	152 
4118	683 
4119	95 
4120	420 
4121	680 
4122	176 
4123	394 
4124	658 
4125	114 
4126	1 
4127	302 
4128	525 
4129	386 
4130	464 
4131	389 
4132	406 
4133	436 
4134	15 
4135	617 
4136	622 
4137	64 
4138	142 
4139	140 
4140	338 
4141	373 
4142	292 
4143	571 
4144	10 
4145	360 
4146	496 
4147	356 
4148	379 
4149	529 
4150	433 
4151	506 
4152	670 
4153	281 
4154	533 
4155	105 
4156	237 
4157	434 
4158	345 
4159	501 
4160	164 
4161	660 
4162	708 
4163	191 
4164	124 
4165	230 
4166	381 
4167	665 
4168	175 
4169	21 
4170	500 
4171	536 
4172	243 
4173	290 
4174	141 
4175	521 
4176	237 
4177	334 
4178	225 
4179	563 
4180	173 
4181	604 
4182	346 
4183	86 
4184	439 
4185	663 
4186	54 
4187	683 
4188	394 
4189	342 
4190	471 
4191	464 
4192	296 
4193	329 
4194	143 
4195	670 
4196	636 
4197	546 
4198	56 
4199	164 
4200	664 
4201	546 
4202	507 
4203	99 
4204	234 
4205	344 
4206	119 
4207	236 
4208	207 
4209	285 
4210	192 
4211	526 
4212	628 
4213	339 
4214	433 
4215	456 
4216	22 
4217	212 
4218	362 
4219	421 
4220	29 
4221	671 
4222	110 
4223	350 
4224	358 
4225	712 
4226	291 
4227	553 
4228	148 
4229	351 
4230	296 
4231	511 
4232	243 
4233	603 
4234	357 
4235	30 
4236	61 
4237	441 
4238	459 
4239	666 
4240	445 
4241	40 
4242	132 
4243	425 
4244	194 
4245	156 
4246	706 
4247	521 
4248	394 
4249	331 
4250	326 
4251	479 
4252	141 
4253	333 
4254	687 
4255	612 
4256	581 
4257	183 
4258	121 
4259	585 
4260	556 
4261	249 
4262	692 
4263	456 
4264	142 
4265	356 
4266	683 
4267	398 
4268	549 
4269	544 
4270	95 
4271	605 
4272	163 
4273	701 
4274	60 
4275	698 
4276	608 
4277	666 
4278	31 
4279	19 
4280	341 
4281	69 
4282	462 
4283	200 
4284	575 
4285	420 
4286	173 
4287	27 
4288	116 
4289	650 
4290	455 
4291	654 
4292	339 
4293	482 
4294	354 
4295	694 
4296	53 
4297	641 
4298	670 
4299	409 
4300	58 
4301	388 
4302	332 
4303	568 
4304	378 
4305	331 
4306	236 
4307	432 
4308	676 
4309	196 
4310	172 
4311	268 
4312	351 
4313	59 
4314	495 
4315	711 
4316	475 
4317	605 
4318	708 
4319	424 
4320	447 
4321	562 
4322	145 
4323	25 
4324	650 
4325	453 
4326	116 
4327	465 
4328	194 
4329	714 
4330	170 
4331	51 
4332	64 
4333	187 
4334	173 
4335	193 
4336	510 
4337	158 
4338	698 
4339	697 
4340	551 
4341	502 
4342	524 
4343	150 
4344	247 
4345	539 
4346	666 
4347	19 
4348	45 
4349	591 
4350	139 
4351	108 
4352	79 
4353	463 
4354	357 
4355	629 
4356	482 
4357	671 
4358	107 
4359	488 
4360	133 
4361	183 
4362	712 
4363	271 
4364	458 
4365	671 
4366	578 
4367	174 
4368	327 
4369	404 
4370	609 
4371	133 
4372	709 
4373	371 
4374	249 
4375	139 
4376	465 
4377	157 
4378	108 
4379	704 
4380	558 
4381	489 
4382	546 
4383	65 
4384	186 
4385	275 
4386	272 
4387	665 
4388	322 
4389	356 
4390	303 
4391	615 
4392	557 
4393	387 
4394	683 
4395	639 
4396	507 
4397	592 
4398	482 
4399	299 
4400	496 
4401	527 
4402	399 
4403	455 
4404	714 
4405	98 
4406	246 
4407	322 
4408	515 
4409	270 
4410	604 
4411	335 
4412	64 
4413	470 
4414	458 
4415	576 
4416	570 
4417	139 
4418	26 
4419	632 
4420	386 
4421	301 
4422	272 
4423	157 
4424	491 
4425	235 
4426	220 
4427	264 
4428	413 
4429	411 
4430	92 
4431	102 
4432	506 
4433	663 
4434	650 
4435	719 
4436	346 
4437	473 
4438	578 
4439	697 
4440	356 
4441	630 
4442	302 
4443	172 
4444	632 
4445	442 
4446	499 
4447	66 
4448	183 
4449	57 
4450	699 
4451	242 
4452	634 
4453	327 
4454	167 
4455	239 
4456	46 
4457	78 
4458	100 
4459	310 
4460	377 
4461	117 
4462	235 
4463	383 
4464	325 
4465	434 
4466	461 
4467	658 
4468	536 
4469	716 
4470	493 
4471	330 
4472	228 
4473	371 
4474	449 
4475	717 
4476	657 
4477	478 
4478	384 
4479	132 
4480	263 
4481	632 
4482	430 
4483	46 
4484	393 
4485	6 
4486	381 
4487	133 
4488	49 
4489	167 
4490	197 
4491	525 
4492	530 
4493	39 
4494	624 
4495	531 
4496	186 
4497	320 
4498	148 
4499	360 
4500	698 
4501	16 
4502	560 
4503	351 
4504	647 
4505	341 
4506	250 
4507	486 
4508	372 
4509	189 
4510	606 
4511	457 
4512	335 
4513	82 
4514	657 
4515	126 
4516	444 
4517	315 
4518	521 
4519	644 
4520	460 
4521	264 
4522	330 
4523	138 
4524	349 
4525	331 
4526	555 
4527	466 
4528	328 
4529	166 
4530	393 
4531	551 
4532	217 
4533	260 
4534	563 
4535	510 
4536	216 
4537	266 
4538	267 
4539	193 
4540	693 
4541	547 
4542	462 
4543	341 
4544	577 
4545	100 
4546	640 
4547	343 
4548	590 
4549	137 
4550	708 
4551	107 
4552	240 
4553	356 
4554	164 
4555	662 
4556	105 
4557	230 
4558	236 
4559	594 
4560	466 
4561	639 
4562	91 
4563	149 
4564	712 
4565	164 
4566	2 
4567	234 
4568	331 
4569	506 
4570	73 
4571	19 
4572	622 
4573	314 
4574	99 
4575	627 
4576	531 
4577	150 
4578	571 
4579	317 
4580	28 
4581	224 
4582	536 
4583	442 
4584	405 
4585	436 
4586	491 
4587	550 
4588	49 
4589	527 
4590	474 
4591	518 
4592	621 
4593	523 
4594	147 
4595	237 
4596	185 
4597	575 
4598	173 
4599	529 
4600	347 
4601	388 
4602	88 
4603	89 
4604	295 
4605	346 
4606	483 
4607	63 
4608	633 
4609	508 
4610	305 
4611	637 
4612	682 
4613	511 
4614	512 
4615	535 
4616	269 
4617	342 
4618	402 
4619	374 
4620	278 
4621	449 
4622	669 
4623	411 
4624	106 
4625	225 
4626	624 
4627	160 
4628	220 
4629	462 
4630	566 
4631	490 
4632	478 
4633	696 
4634	93 
4635	257 
4636	670 
4637	594 
4638	130 
4639	651 
4640	166 
4641	237 
4642	177 
4643	596 
4644	233 
4645	527 
4646	667 
4647	238 
4648	639 
4649	361 
4650	678 
4651	100 
4652	213 
4653	71 
4654	53 
4655	299 
4656	46 
4657	594 
4658	581 
4659	203 
4660	534 
4661	102 
4662	616 
4663	479 
4664	52 
4665	225 
4666	193 
4667	125 
4668	158 
4669	494 
4670	275 
4671	326 
4672	299 
4673	1 
4674	483 
4675	506 
4676	19 
4677	218 
4678	709 
4679	549 
4680	499 
4681	549 
4682	251 
4683	25 
4684	704 
4685	331 
4686	373 
4687	147 
4688	533 
4689	638 
4690	71 
4691	125 
4692	653 
4693	126 
4694	101 
4695	347 
4696	146 
4697	303 
4698	437 
4699	436 
4700	24 
4701	51 
4702	2 
4703	394 
4704	575 
4705	161 
4706	102 
4707	201 
4708	635 
4709	589 
4710	267 
4711	547 
4712	343 
4713	380 
4714	384 
4715	378 
4716	288 
4717	703 
4718	427 
4719	678 
4720	185 
4721	207 
4722	195 
4723	697 
4724	514 
4725	352 
4726	649 
4727	413 
4728	131 
4729	228 
4730	257 
4731	679 
4732	496 
4733	646 
4734	247 
4735	512 
4736	303 
4737	707 
4738	432 
4739	321 
4740	634 
4741	639 
4742	97 
4743	200 
4744	69 
4745	638 
4746	273 
4747	453 
4748	280 
4749	231 
4750	538 
4751	185 
4752	382 
4753	342 
4754	529 
4755	103 
4756	592 
4757	340 
4758	242 
4759	476 
4760	693 
4761	477 
4762	547 
4763	337 
4764	496 
4765	166 
4766	277 
4767	674 
4768	414 
4769	321 
4770	73 
4771	452 
4772	521 
4773	68 
4774	16 
4775	289 
4776	39 
4777	300 
4778	523 
4779	285 
4780	650 
4781	536 
4782	80 
4783	244 
4784	8 
4785	443 
4786	418 
4787	486 
4788	684 
4789	235 
4790	80 
4791	312 
4792	82 
4793	117 
4794	154 
4795	394 
4796	296 
4797	680 
4798	623 
4799	207 
4800	408 
4801	697 
4802	312 
4803	660 
4804	130 
4805	713 
4806	11 
4807	265 
4808	224 
4809	678 
4810	254 
4811	504 
4812	622 
4813	280 
4814	29 
4815	384 
4816	408 
4817	42 
4818	208 
4819	641 
4820	259 
4821	460 
4822	147 
4823	217 
4824	570 
4825	327 
4826	692 
4827	420 
4828	300 
4829	316 
4830	613 
4831	152 
4832	632 
4833	150 
4834	368 
4835	123 
4836	470 
4837	653 
4838	639 
4839	36 
4840	339 
4841	275 
4842	358 
4843	455 
4844	552 
4845	160 
4846	693 
4847	462 
4848	495 
4849	381 
4850	520 
4851	301 
4852	316 
4853	671 
4854	148 
4855	479 
4856	23 
4857	441 
4858	212 
4859	287 
4860	492 
4861	649 
4862	80 
4863	628 
4864	148 
4865	497 
4866	514 
4867	259 
4868	103 
4869	592 
4870	95 
4871	346 
4872	329 
4873	206 
4874	644 
4875	211 
4876	626 
4877	500 
4878	123 
4879	201 
4880	72 
4881	511 
4882	683 
4883	30 
4884	632 
4885	237 
4886	567 
4887	600 
4888	628 
4889	292 
4890	17 
4891	86 
4892	614 
4893	474 
4894	256 
4895	158 
4896	146 
4897	183 
4898	145 
4899	79 
4900	395 
4901	8 
4902	647 
4903	52 
4904	258 
4905	118 
4906	549 
4907	196 
4908	530 
4909	236 
4910	151 
4911	241 
4912	619 
4913	705 
4914	269 
4915	547 
4916	445 
4917	481 
4918	632 
4919	241 
4920	121 
4921	439 
4922	578 
4923	357 
4924	140 
4925	359 
4926	317 
4927	37 
4928	516 
4929	391 
4930	636 
4931	361 
4932	94 
4933	212 
4934	100 
4935	120 
4936	109 
4937	484 
4938	506 
4939	44 
4940	714 
4941	632 
4942	542 
4943	138 
4944	483 
4945	303 
4946	105 
4947	584 
4948	561 
4949	564 
4950	434 
4951	76 
4952	344 
4953	11 
4954	385 
4955	649 
4956	228 
4957	255 
4958	681 
4959	9 
4960	85 
4961	509 
4962	581 
4963	121 
4964	12 
4965	284 
4966	527 
4967	80 
4968	432 
4969	134 
4970	669 
4971	154 
4972	1 
4973	514 
4974	389 
4975	76 
4976	634 
4977	650 
4978	592 
4979	304 
4980	510 
4981	634 
4982	634 
4983	158 
4984	635 
4985	442 
4986	322 
4987	703 
4988	616 
4989	527 
4990	673 
4991	270 
4992	660 
4993	156 
4994	460 
4995	123 
4996	385 
4997	551 
4998	442 
4999	424 
5000	188 
5001	333 
5002	284 
5003	611 
5004	346 
5005	88 
5006	378 
5007	461 
5008	323 
5009	8 
5010	561 
5011	66 
5012	452 
5013	269 
5014	458 
5015	697 
5016	388 
5017	400 
5018	266 
5019	712 
5020	651 
5021	103 
5022	107 
5023	646 
5024	552 
5025	622 
5026	580 
5027	325 
5028	316 
5029	75 
5030	157 
5031	318 
5032	256 
5033	413 
5034	74 
5035	636 
5036	394 
5037	526 
5038	104 
5039	316 
5040	536 
5041	240 
5042	31 
5043	50 
5044	501 
5045	318 
5046	471 
5047	70 
5048	624 
5049	633 
5050	701 
5051	179 
5052	550 
5053	43 
5054	109 
5055	564 
5056	515 
5057	351 
5058	603 
5059	133 
5060	403 
5061	10 
5062	682 
5063	588 
5064	167 
5065	519 
5066	633 
5067	95 
5068	605 
5069	330 
5070	23 
5071	279 
5072	45 
5073	20 
5074	532 
5075	499 
5076	413 
5077	4 
5078	495 
5079	236 
5080	460 
5081	418 
5082	692 
5083	247 
5084	245 
5085	270 
5086	262 
5087	698 
5088	699 
5089	321 
5090	717 
5091	4 
5092	230 
5093	387 
5094	266 
5095	451 
5096	648 
5097	561 
5098	165 
5099	88 
5100	29 
5101	375 
5102	252 
5103	327 
5104	194 
5105	220 
5106	651 
5107	664 
5108	605 
5109	451 
5110	670 
5111	88 
5112	385 
5113	642 
5114	387 
5115	520 
5116	27 
5117	485 
5118	686 
5119	411 
5120	450 
5121	50 
5122	541 
5123	208 
5124	301 
5125	653 
5126	26 
5127	75 
5128	117 
5129	546 
5130	608 
5131	240 
5132	213 
5133	327 
5134	384 
5135	621 
5136	630 
5137	14 
5138	213 
5139	269 
5140	650 
5141	314 
5142	508 
5143	305 
5144	150 
5145	391 
5146	258 
5147	585 
5148	25 
5149	428 
5150	374 
5151	532 
5152	638 
5153	476 
5154	192 
5155	711 
5156	394 
5157	307 
5158	34 
5159	617 
5160	320 
5161	201 
5162	441 
5163	436 
5164	540 
5165	121 
5166	135 
5167	99 
5168	339 
5169	251 
5170	322 
5171	575 
5172	121 
5173	558 
5174	631 
5175	410 
5176	279 
5177	221 
5178	254 
5179	464 
5180	636 
5181	5 
5182	702 
5183	241 
5184	437 
5185	356 
5186	626 
5187	453 
5188	505 
5189	78 
5190	114 
5191	67 
5192	34 
5193	577 
5194	351 
5195	126 
5196	479 
5197	215 
5198	704 
5199	74 
5200	174 
5201	612 
5202	157 
5203	42 
5204	406 
5205	538 
5206	304 
5207	384 
5208	408 
5209	708 
5210	666 
5211	91 
5212	609 
5213	652 
5214	515 
5215	321 
5216	460 
5217	660 
5218	32 
5219	213 
5220	9 
5221	593 
5222	566 
5223	373 
5224	715 
5225	506 
5226	243 
5227	646 
5228	701 
5229	653 
5230	236 
5231	107 
5232	534 
5233	105 
5234	196 
5235	242 
5236	714 
5237	155 
5238	357 
5239	95 
5240	320 
5241	649 
5242	337 
5243	3 
5244	160 
5245	619 
5246	580 
5247	106 
5248	130 
5249	103 
5250	315 
5251	49 
5252	579 
5253	591 
5254	692 
5255	330 
5256	540 
5257	385 
5258	354 
5259	570 
5260	536 
5261	595 
5262	618 
5263	540 
5264	697 
5265	591 
5266	659 
5267	223 
5268	579 
5269	206 
5270	280 
5271	172 
5272	274 
5273	160 
5274	477 
5275	705 
5276	129 
5277	521 
5278	64 
5279	485 
5280	246 
5281	51 
5282	106 
5283	246 
5284	531 
5285	243 
5286	19 
5287	4 
5288	269 
5289	16 
5290	497 
5291	136 
5292	298 
5293	641 
5294	349 
5295	582 
5296	270 
5297	487 
5298	345 
5299	671 
5300	261 
5301	582 
5302	560 
5303	294 
5304	434 
5305	32 
5306	308 
5307	540 
5308	141 
5309	45 
5310	217 
5311	642 
5312	499 
5313	398 
5314	74 
5315	233 
5316	87 
5317	21 
5318	597 
5319	27 
5320	512 
5321	70 
5322	533 
5323	408 
5324	580 
5325	668 
5326	689 
5327	494 
5328	233 
5329	658 
5330	449 
5331	479 
5332	74 
5333	603 
5334	240 
5335	299 
5336	679 
5337	192 
5338	527 
5339	48 
5340	477 
5341	152 
5342	539 
5343	76 
5344	153 
5345	545 
5346	211 
5347	556 
5348	266 
5349	11 
5350	635 
5351	205 
5352	507 
5353	511 
5354	582 
5355	481 
5356	258 
5357	100 
5358	666 
5359	196 
5360	596 
5361	707 
5362	161 
5363	54 
5364	194 
5365	319 
5366	659 
5367	632 
5368	635 
5369	146 
5370	302 
5371	450 
5372	388 
5373	420 
5374	160 
5375	630 
5376	424 
5377	330 
5378	598 
5379	486 
5380	57 
5381	221 
5382	460 
5383	257 
5384	55 
5385	405 
5386	381 
5387	658 
5388	318 
5389	315 
5390	518 
5391	604 
5392	459 
5393	348 
5394	347 
5395	183 
5396	398 
5397	445 
5398	250 
5399	697 
5400	361 
5401	275 
5402	549 
5403	180 
5404	117 
5405	666 
5406	571 
5407	413 
5408	546 
5409	357 
5410	250 
5411	428 
5412	358 
5413	657 
5414	330 
5415	698 
5416	21 
5417	270 
5418	146 
5419	5 
5420	545 
5421	108 
5422	23 
5423	635 
5424	487 
5425	107 
5426	632 
5427	631 
5428	23 
5429	76 
5430	359 
5431	170 
5432	90 
5433	276 
5434	135 
5435	104 
5436	573 
5437	3 
5438	282 
5439	25 
5440	125 
5441	299 
5442	344 
5443	35 
5444	237 
5445	112 
5446	214 
5447	659 
5448	351 
5449	217 
5450	494 
5451	115 
5452	663 
5453	656 
5454	119 
5455	563 
5456	653 
5457	174 
5458	99 
5459	344 
5460	191 
5461	526 
5462	292 
5463	138 
5464	328 
5465	155 
5466	161 
5467	616 
5468	220 
5469	686 
5470	670 
5471	582 
5472	342 
5473	316 
5474	661 
5475	267 
5476	81 
5477	166 
5478	6 
5479	260 
5480	622 
5481	220 
5482	183 
5483	439 
5484	381 
5485	287 
5486	342 
5487	422 
5488	144 
5489	595 
5490	295 
5491	204 
5492	120 
5493	392 
5494	218 
5495	31 
5496	469 
5497	719 
5498	299 
5499	541 
5500	253 
5501	452 
5502	449 
5503	409 
5504	156 
5505	542 
5506	376 
5507	85 
5508	25 
5509	417 
5510	260 
5511	177 
5512	286 
5513	364 
5514	719 
5515	641 
5516	608 
5517	249 
5518	599 
5519	278 
5520	501 
5521	99 
5522	39 
5523	446 
5524	640 
5525	601 
5526	705 
5527	367 
5528	529 
5529	55 
5530	100 
5531	224 
5532	123 
5533	179 
5534	17 
5535	468 
5536	162 
5537	8 
5538	415 
5539	52 
5540	197 
5541	293 
5542	336 
5543	354 
5544	545 
5545	603 
5546	436 
5547	127 
5548	690 
5549	195 
5550	115 
5551	649 
5552	678 
5553	356 
5554	67 
5555	665 
5556	549 
5557	344 
5558	571 
5559	66 
5560	240 
5561	223 
5562	641 
5563	374 
5564	508 
5565	246 
5566	105 
5567	127 
5568	196 
5569	664 
5570	77 
5571	527 
5572	109 
5573	286 
5574	255 
5575	151 
5576	130 
5577	164 
5578	174 
5579	366 
5580	198 
5581	472 
5582	429 
5583	415 
5584	431 
5585	480 
5586	44 
5587	473 
5588	575 
5589	231 
5590	16 
5591	127 
5592	200 
5593	626 
5594	534 
5595	142 
5596	348 
5597	40 
5598	598 
5599	668 
5600	251 
5601	227 
5602	389 
5603	15 
5604	154 
5605	689 
5606	278 
5607	415 
5608	711 
5609	649 
5610	157 
5611	478 
5612	669 
5613	628 
5614	447 
5615	519 
5616	156 
5617	406 
5618	441 
5619	576 
5620	287 
5621	99 
5622	639 
5623	450 
5624	666 
5625	698 
5626	292 
5627	531 
5628	707 
5629	620 
5630	557 
5631	33 
5632	282 
5633	620 
5634	470 
5635	513 
5636	165 
5637	358 
5638	358 
5639	613 
5640	333 
5641	659 
5642	120 
5643	608 
5644	631 
5645	173 
5646	267 
5647	102 
5648	220 
5649	395 
5650	175 
5651	653 
5652	545 
5653	214 
5654	100 
5655	546 
5656	519 
5657	677 
5658	112 
5659	433 
5660	396 
5661	238 
5662	374 
5663	255 
5664	538 
5665	393 
5666	21 
5667	448 
5668	321 
5669	352 
5670	526 
5671	523 
5672	145 
5673	486 
5674	253 
5675	470 
5676	625 
5677	341 
5678	266 
5679	519 
5680	644 
5681	288 
5682	537 
5683	264 
5684	298 
5685	65 
5686	273 
5687	506 
5688	224 
5689	299 
5690	333 
5691	625 
5692	354 
5693	51 
5694	535 
5695	498 
5696	250 
5697	590 
5698	292 
5699	349 
5700	558 
5701	421 
5702	170 
5703	628 
5704	596 
5705	314 
5706	261 
5707	233 
5708	605 
5709	481 
5710	709 
5711	287 
5712	514 
5713	398 
5714	469 
5715	45 
5716	228 
5717	295 
5718	121 
5719	253 
5720	394 
5721	109 
5722	334 
5723	455 
5724	683 
5725	668 
5726	348 
5727	496 
5728	132 
5729	173 
5730	349 
5731	522 
5732	100 
5733	455 
5734	291 
5735	517 
5736	273 
5737	204 
5738	198 
5739	592 
5740	200 
5741	571 
5742	152 
5743	195 
5744	302 
5745	647 
5746	691 
5747	294 
5748	241 
5749	692 
5750	195 
5751	160 
5752	664 
5753	703 
5754	144 
5755	166 
5756	691 
5757	367 
5758	121 
5759	437 
5760	27 
5761	678 
5762	44 
5763	141 
5764	563 
5765	45 
5766	477 
5767	570 
5768	73 
5769	121 
5770	614 
5771	29 
5772	130 
5773	460 
5774	212 
5775	698 
5776	384 
5777	376 
5778	302 
5779	640 
5780	32 
5781	671 
5782	195 
5783	94 
5784	279 
5785	628 
5786	579 
5787	492 
5788	239 
5789	533 
5790	203 
5791	174 
5792	23 
5793	641 
5794	447 
5795	71 
5796	366 
5797	407 
5798	160 
5799	64 
5800	341 
5801	497 
5802	257 
5803	161 
5804	148 
5805	442 
5806	670 
5807	391 
5808	540 
5809	686 
5810	424 
5811	662 
5812	121 
5813	666 
5814	494 
5815	123 
5816	664 
5817	429 
5818	19 
5819	245 
5820	372 
5821	126 
5822	292 
5823	200 
5824	102 
5825	719 
5826	200 
5827	343 
5828	582 
5829	105 
5830	596 
5831	474 
5832	27 
5833	13 
5834	586 
5835	152 
5836	240 
5837	341 
5838	558 
5839	298 
5840	569 
5841	550 
5842	258 
5843	328 
5844	456 
5845	666 
5846	267 
5847	236 
5848	321 
5849	199 
5850	92 
5851	19 
5852	631 
5853	417 
5854	597 
5855	328 
5856	668 
5857	355 
5858	353 
5859	150 
5860	364 
5861	35 
5862	136 
5863	262 
5864	458 
5865	513 
5866	561 
5867	106 
5868	313 
5869	130 
5870	47 
5871	363 
5872	192 
5873	597 
5874	637 
5875	99 
5876	190 
5877	649 
5878	191 
5879	434 
5880	28 
5881	52 
5882	502 
5883	439 
5884	73 
5885	677 
5886	539 
5887	585 
5888	267 
5889	680 
5890	577 
5891	657 
5892	172 
5893	114 
5894	247 
5895	430 
5896	708 
5897	156 
5898	368 
5899	344 
5900	502 
5901	272 
5902	326 
5903	413 
5904	75 
5905	174 
5906	610 
5907	634 
5908	510 
5909	142 
5910	430 
5911	460 
5912	285 
5913	453 
5914	512 
5915	150 
5916	478 
5917	707 
5918	603 
5919	590 
5920	591 
5921	669 
5922	697 
5923	517 
5924	158 
5925	58 
5926	109 
5927	99 
5928	700 
5929	394 
5930	168 
5931	65 
5932	387 
5933	323 
5934	192 
5935	647 
5936	107 
5937	683 
5938	378 
5939	590 
5940	28 
5941	292 
5942	552 
5943	611 
5944	708 
5945	75 
5946	461 
5947	126 
5948	115 
5949	540 
5950	127 
5951	599 
5952	105 
5953	645 
5954	182 
5955	24 
5956	373 
5957	522 
5958	296 
5959	28 
5960	695 
5961	293 
5962	576 
5963	31 
5964	282 
5965	624 
5966	107 
5967	171 
5968	570 
5969	552 
5970	603 
5971	483 
5972	489 
5973	480 
5974	162 
5975	160 
5976	458 
5977	503 
5978	146 
5979	666 
5980	487 
5981	40 
5982	267 
5983	483 
5984	531 
5985	81 
5986	420 
5987	597 
5988	502 
5989	588 
5990	54 
5991	430 
5992	74 
5993	444 
5994	62 
5995	276 
5996	575 
5997	171 
5998	580 
5999	462 
6000	439 
6001	536 
6002	278 
6003	138 
6004	547 
6005	379 
6006	288 
6007	134 
6008	252 
6009	376 
6010	573 
6011	432 
6012	272 
6013	243 
6014	675 
6015	308 
6016	580 
6017	481 
6018	632 
6019	619 
6020	278 
6021	141 
6022	70 
6023	554 
6024	254 
6025	380 
6026	618 
6027	532 
6028	306 
6029	379 
6030	704 
6031	446 
6032	465 
6033	129 
6034	476 
6035	503 
6036	711 
6037	471 
6038	493 
6039	471 
6040	517 
6041	639 
6042	112 
6043	269 
6044	262 
6045	503 
6046	555 
6047	443 
6048	660 
6049	696 
6050	148 
6051	502 
6052	589 
6053	410 
6054	588 
6055	81 
6056	335 
6057	629 
6058	154 
6059	207 
6060	488 
6061	638 
6062	23 
6063	653 
6064	26 
6065	61 
6066	127 
6067	157 
6068	63 
6069	666 
6070	674 
6071	160 
6072	649 
6073	601 
6074	243 
6075	550 
6076	590 
6077	349 
6078	110 
6079	509 
6080	515 
6081	19 
6082	436 
6083	495 
6084	654 
6085	695 
6086	359 
6087	188 
6088	562 
6089	592 
6090	270 
6091	75 
6092	96 
6093	80 
6094	715 
6095	602 
6096	527 
6097	457 
6098	550 
6099	183 
6100	503 
6101	635 
6102	717 
6103	583 
6104	536 
6105	544 
6106	482 
6107	432 
6108	258 
6109	407 
6110	40 
6111	266 
6112	426 
6113	646 
6114	193 
6115	380 
6116	138 
6117	418 
6118	673 
6119	536 
6120	409 
6121	426 
6122	450 
6123	677 
6124	299 
6125	241 
6126	371 
6127	498 
6128	299 
6129	703 
6130	690 
6131	438 
6132	195 
6133	308 
6134	138 
6135	99 
6136	538 
6137	528 
6138	311 
6139	696 
6140	181 
6141	457 
6142	470 
6143	539 
6144	601 
6145	18 
6146	650 
6147	80 
6148	494 
6149	10 
6150	338 
6151	420 
6152	119 
6153	549 
6154	447 
6155	543 
6156	212 
6157	304 
6158	453 
6159	621 
6160	188 
6161	627 
6162	380 
6163	568 
6164	643 
6165	293 
6166	427 
6167	213 
6168	660 
6169	255 
6170	629 
6171	65 
6172	470 
6173	631 
6174	396 
6175	163 
6176	158 
6177	505 
6178	674 
6179	200 
6180	677 
6181	354 
6182	417 
6183	273 
6184	238 
6185	266 
6186	393 
6187	218 
6188	671 
6189	162 
6190	673 
6191	514 
6192	468 
6193	335 
6194	638 
6195	432 
6196	207 
6197	342 
6198	628 
6199	240 
6200	495 
6201	665 
6202	712 
6203	363 
6204	473 
6205	547 
6206	436 
6207	634 
6208	664 
6209	535 
6210	606 
6211	267 
6212	534 
6213	138 
6214	212 
6215	626 
6216	49 
6217	285 
6218	87 
6219	114 
6220	210 
6221	223 
6222	430 
6223	540 
6224	331 
6225	121 
6226	541 
6227	397 
6228	404 
6229	464 
6230	357 
6231	301 
6232	187 
6233	659 
6234	402 
6235	97 
6236	6 
6237	670 
6238	610 
6239	279 
6240	596 
6241	505 
6242	67 
6243	416 
6244	163 
6245	290 
6246	478 
6247	49 
6248	198 
6249	285 
6250	447 
6251	560 
6252	159 
6253	270 
6254	206 
6255	161 
6256	411 
6257	398 
6258	393 
6259	410 
6260	687 
6261	33 
6262	92 
6263	566 
6264	56 
6265	313 
6266	369 
6267	327 
6268	242 
6269	690 
6270	460 
6271	278 
6272	137 
6273	546 
6274	78 
6275	635 
6276	220 
6277	502 
6278	389 
6279	614 
6280	390 
6281	15 
6282	566 
6283	711 
6284	154 
6285	107 
6286	565 
6287	671 
6288	89 
6289	357 
6290	42 
6291	350 
6292	539 
6293	554 
6294	437 
6295	42 
6296	381 
6297	221 
6298	194 
6299	61 
6300	410 
6301	132 
6302	700 
6303	417 
6304	630 
6305	461 
6306	364 
6307	326 
6308	565 
6309	63 
6310	349 
6311	339 
6312	187 
6313	463 
6314	670 
6315	321 
6316	384 
6317	628 
6318	155 
6319	499 
6320	80 
6321	127 
6322	281 
6323	140 
6324	447 
6325	506 
6326	467 
6327	505 
6328	342 
6329	210 
6330	636 
6331	632 
6332	203 
6333	712 
6334	171 
6335	485 
6336	253 
6337	411 
6338	703 
6339	42 
6340	680 
6341	628 
6342	139 
6343	663 
6344	230 
6345	641 
6346	447 
6347	322 
6348	364 
6349	350 
6350	342 
6351	189 
6352	250 
6353	370 
6354	641 
6355	635 
6356	525 
6357	267 
6358	45 
6359	663 
6360	640 
6361	86 
6362	70 
6363	502 
6364	116 
6365	525 
6366	443 
6367	158 
6368	243 
6369	121 
6370	381 
6371	365 
6372	319 
6373	678 
6374	540 
6375	196 
6376	13 
6377	647 
6378	56 
6379	465 
6380	603 
6381	189 
6382	237 
6383	616 
6384	485 
6385	435 
6386	676 
6387	316 
6388	156 
6389	614 
6390	3 
6391	462 
6392	698 
6393	579 
6394	449 
6395	538 
6396	488 
6397	449 
6398	553 
6399	118 
6400	24 
6401	301 
6402	330 
6403	652 
6404	341 
6405	565 
6406	693 
6407	590 
6408	432 
6409	309 
6410	531 
6411	590 
6412	714 
6413	362 
6414	547 
6415	431 
6416	148 
6417	288 
6418	407 
6419	189 
6420	203 
6421	394 
6422	116 
6423	359 
6424	213 
6425	522 
6426	678 
6427	509 
6428	577 
6429	378 
6430	220 
6431	529 
6432	447 
6433	548 
6434	344 
6435	589 
6436	674 
6437	611 
6438	312 
6439	51 
6440	164 
6441	494 
6442	609 
6443	486 
6444	311 
6445	409 
6446	224 
6447	182 
6448	613 
6449	623 
6450	60 
6451	552 
6452	146 
6453	683 
6454	130 
6455	37 
6456	172 
6457	444 
6458	414 
6459	346 
6460	554 
6461	707 
6462	506 
6463	442 
6464	145 
6465	674 
6466	15 
6467	251 
6468	672 
6469	697 
6470	182 
6471	654 
6472	75 
6473	531 
6474	638 
6475	512 
6476	322 
6477	76 
6478	274 
6479	281 
6480	489 
6481	156 
6482	294 
6483	214 
6484	312 
6485	468 
6486	349 
6487	660 
6488	534 
6489	235 
6490	214 
6491	658 
6492	130 
6493	417 
6494	254 
6495	106 
6496	154 
6497	699 
6498	702 
6499	391 
6500	587 
6501	72 
6502	673 
6503	236 
6504	308 
6505	562 
6506	511 
6507	641 
6508	116 
6509	581 
6510	351 
6511	563 
6512	513 
6513	107 
6514	470 
6515	364 
6516	31 
6517	300 
6518	528 
6519	670 
6520	630 
6521	53 
6522	609 
6523	130 
6524	55 
6525	92 
6526	645 
6527	649 
6528	415 
6529	155 
6530	48 
6531	258 
6532	552 
6533	100 
6534	202 
6535	666 
6536	1 
6537	352 
6538	409 
6539	17 
6540	237 
6541	497 
6542	412 
6543	325 
6544	552 
6545	213 
6546	150 
6547	166 
6548	222 
6549	269 
6550	16 
6551	178 
6552	162 
6553	712 
6554	665 
6555	355 
6556	682 
6557	19 
6558	678 
6559	311 
6560	547 
6561	428 
6562	432 
6563	538 
6564	322 
6565	296 
6566	31 
6567	699 
6568	13 
6569	446 
6570	442 
6571	414 
6572	80 
6573	373 
6574	221 
6575	380 
6576	665 
6577	219 
6578	94 
6579	145 
6580	183 
6581	346 
6582	338 
6583	162 
6584	146 
6585	64 
6586	609 
6587	449 
6588	417 
6589	594 
6590	136 
6591	473 
6592	83 
6593	27 
6594	510 
6595	54 
6596	528 
6597	510 
6598	397 
6599	118 
6600	256 
6601	712 
6602	159 
6603	16 
6604	446 
6605	196 
6606	586 
6607	59 
6608	69 
6609	683 
6610	627 
6611	237 
6612	84 
6613	380 
6614	465 
6615	435 
6616	599 
6617	620 
6618	550 
6619	6 
6620	215 
6621	11 
6622	237 
6623	364 
6624	416 
6625	8 
6626	446 
6627	543 
6628	665 
6629	133 
6630	558 
6631	496 
6632	547 
6633	278 
6634	175 
6635	97 
6636	119 
6637	309 
6638	546 
6639	638 
6640	146 
6641	268 
6642	386 
6643	356 
6644	243 
6645	235 
6646	511 
6647	628 
6648	409 
6649	654 
6650	605 
6651	293 
6652	626 
6653	609 
6654	363 
6655	376 
6656	643 
6657	340 
6658	456 
6659	215 
6660	93 
6661	69 
6662	644 
6663	589 
6664	561 
6665	412 
6666	651 
6667	95 
6668	397 
6669	342 
6670	471 
6671	225 
6672	481 
6673	588 
6674	364 
6675	266 
6676	276 
6677	719 
6678	191 
6679	178 
6680	119 
6681	506 
6682	705 
6683	150 
6684	357 
6685	495 
6686	45 
6687	375 
6688	365 
6689	686 
6690	221 
6691	377 
6692	685 
6693	667 
6694	536 
6695	209 
6696	286 
6697	365 
6698	558 
6699	26 
6700	105 
6701	511 
6702	73 
6703	462 
6704	427 
6705	285 
6706	301 
6707	423 
6708	602 
6709	468 
6710	104 
6711	714 
6712	558 
6713	399 
6714	718 
6715	634 
6716	614 
6717	416 
6718	668 
6719	23 
6720	536 
6721	209 
6722	64 
6723	242 
6724	349 
6725	313 
6726	97 
6727	40 
6728	546 
6729	689 
6730	280 
6731	63 
6732	295 
6733	199 
6734	387 
6735	620 
6736	83 
6737	153 
6738	246 
6739	643 
6740	331 
6741	62 
6742	37 
6743	583 
6744	638 
6745	300 
6746	378 
6747	98 
6748	266 
6749	278 
6750	701 
6751	251 
6752	322 
6753	573 
6754	650 
6755	363 
6756	248 
6757	229 
6758	185 
6759	288 
6760	173 
6761	124 
6762	519 
6763	95 
6764	100 
6765	467 
6766	143 
6767	38 
6768	408 
6769	355 
6770	57 
6771	331 
6772	585 
6773	48 
6774	637 
6775	615 
6776	3 
6777	65 
6778	430 
6779	10 
6780	150 
6781	282 
6782	301 
6783	292 
6784	229 
6785	446 
6786	251 
6787	536 
6788	549 
6789	145 
6790	323 
6791	458 
6792	193 
6793	270 
6794	525 
6795	97 
6796	668 
6797	348 
6798	558 
6799	707 
6800	510 
6801	350 
6802	331 
6803	5 
6804	272 
6805	476 
6806	160 
6807	322 
6808	250 
6809	33 
6810	177 
6811	345 
6812	460 
6813	108 
6814	514 
6815	261 
6816	131 
6817	136 
6818	350 
6819	130 
6820	547 
6821	650 
6822	457 
6823	563 
6824	399 
6825	155 
6826	198 
6827	421 
6828	338 
6829	711 
6830	107 
6831	26 
6832	346 
6833	1 
6834	357 
6835	677 
6836	683 
6837	672 
6838	194 
6839	175 
6840	480 
6841	514 
6842	264 
6843	625 
6844	373 
6845	536 
6846	262 
6847	505 
6848	24 
6849	421 
6850	115 
6851	711 
6852	560 
6853	372 
6854	145 
6855	102 
6856	414 
6857	250 
6858	442 
6859	39 
6860	307 
6861	356 
6862	457 
6863	528 
6864	190 
6865	589 
6866	538 
6867	122 
6868	238 
6869	83 
6870	161 
6871	664 
6872	615 
6873	428 
6874	193 
6875	209 
6876	417 
6877	210 
6878	16 
6879	273 
6880	455 
6881	369 
6882	316 
6883	593 
6884	110 
6885	295 
6886	200 
6887	571 
6888	161 
6889	27 
6890	164 
6891	521 
6892	190 
6893	565 
6894	696 
6895	696 
6896	384 
6897	26 
6898	455 
6899	107 
6900	483 
6901	277 
6902	521 
6903	116 
6904	17 
6905	16 
6906	147 
6907	563 
6908	380 
6909	622 
6910	72 
6911	425 
6912	194 
6913	659 
6914	368 
6915	100 
6916	316 
6917	489 
6918	450 
6919	247 
6920	517 
6921	391 
6922	609 
6923	490 
6924	571 
6925	212 
6926	156 
6927	643 
6928	390 
6929	660 
6930	199 
6931	276 
6932	88 
6933	177 
6934	65 
6935	254 
6936	88 
6937	495 
6938	398 
6939	529 
6940	94 
6941	160 
6942	123 
6943	356 
6944	178 
6945	606 
6946	406 
6947	34 
6948	408 
6949	260 
6950	154 
6951	225 
6952	717 
6953	209 
6954	306 
6955	342 
6956	173 
6957	351 
6958	8 
6959	626 
6960	281 
6961	230 
6962	325 
6963	106 
6964	99 
6965	326 
6966	254 
6967	696 
6968	712 
6969	483 
6970	84 
6971	321 
6972	100 
6973	564 
6974	543 
6975	88 
6976	398 
6977	58 
6978	226 
6979	339 
6980	43 
6981	631 
6982	236 
6983	575 
6984	10 
6985	407 
6986	182 
6987	398 
6988	611 
6989	653 
6990	139 
6991	711 
6992	608 
6993	451 
6994	448 
6995	84 
6996	682 
6997	371 
6998	555 
6999	127 
7000	421 
7001	176 
7002	256 
7003	115 
7004	164 
7005	63 
7006	93 
7007	165 
7008	452 
7009	15 
7010	494 
7011	288 
7012	277 
7013	116 
7014	676 
7015	56 
7016	539 
7017	321 
7018	174 
7019	532 
7020	614 
7021	28 
7022	706 
7023	453 
7024	269 
7025	342 
7026	50 
7027	39 
7028	369 
7029	184 
7030	439 
7031	198 
7032	447 
7033	291 
7034	22 
7035	695 
7036	564 
7037	315 
7038	319 
7039	542 
7040	285 
7041	246 
7042	115 
7043	643 
7044	159 
7045	633 
7046	385 
7047	99 
7048	57 
7049	69 
7050	30 
7051	707 
7052	417 
7053	360 
7054	519 
7055	115 
7056	392 
7057	285 
7058	194 
7059	9 
7060	224 
7061	653 
7062	520 
7063	565 
7064	485 
7065	465 
7066	597 
7067	164 
7068	534 
7069	628 
7070	570 
7071	86 
7072	322 
7073	413 
7074	695 
7075	322 
7076	423 
7077	693 
7078	341 
7079	295 
7080	156 
7081	660 
7082	647 
7083	521 
7084	182 
7085	650 
7086	624 
7087	323 
7088	579 
7089	165 
7090	49 
7091	444 
7092	590 
7093	30 
7094	532 
7095	3 
7096	10 
7097	550 
7098	495 
7099	562 
7100	700 
7101	253 
7102	99 
7103	410 
7104	46 
7105	535 
7106	532 
7107	523 
7108	669 
7109	222 
7110	220 
7111	341 
7112	40 
7113	41 
7114	610 
7115	342 
7116	278 
7117	375 
7118	612 
7119	211 
7120	258 
7121	254 
7122	416 
7123	340 
7124	470 
7125	123 
7126	9 
7127	264 
7128	420 
7129	65 
7130	147 
7131	92 
7132	646 
7133	394 
7134	586 
7135	634 
7136	696 
7137	650 
7138	282 
7139	81 
7140	131 
7141	515 
7142	473 
7143	272 
7144	163 
7145	446 
7146	550 
7147	531 
7148	538 
7149	258 
7150	371 
7151	357 
7152	110 
7153	620 
7154	283 
7155	447 
7156	214 
7157	708 
7158	386 
7159	548 
7160	635 
7161	610 
7162	540 
7163	242 
7164	37 
7165	199 
7166	162 
7167	350 
7168	540 
7169	404 
7170	146 
7171	339 
7172	56 
7173	524 
7174	247 
7175	47 
7176	693 
7177	601 
7178	155 
7179	644 
7180	19 
7181	483 
7182	510 
7183	165 
7184	532 
7185	229 
7186	554 
7187	545 
7188	250 
7189	665 
7190	462 
7191	552 
7192	94 
7193	313 
7194	264 
7195	63 
7196	622 
7197	44 
7198	649 
7199	294 
7200	378 
7201	338 
7202	457 
7203	537 
7204	339 
7205	54 
7206	701 
7207	62 
7208	28 
7209	250 
7210	279 
7211	14 
7212	612 
7213	315 
7214	153 
7215	467 
7216	313 
7217	483 
7218	210 
7219	272 
7220	513 
7221	512 
7222	235 
7223	46 
7224	319 
7225	94 
7226	534 
7227	657 
7228	100 
7229	286 
7230	169 
7231	384 
7232	462 
7233	522 
7234	376 
7235	80 
7236	467 
7237	411 
7238	282 
7239	706 
7240	408 
7241	342 
7242	71 
7243	634 
7244	66 
7245	103 
7246	397 
7247	235 
7248	235 
7249	24 
7250	540 
7251	26 
7252	40 
7253	191 
7254	10 
7255	1 
7256	95 
7257	359 
7258	74 
7259	445 
7260	159 
7261	267 
7262	299 
7263	461 
7264	130 
7265	528 
7266	183 
7267	188 
7268	495 
7269	502 
7270	211 
7271	571 
7272	402 
7273	187 
7274	107 
7275	131 
7276	550 
7277	657 
7278	456 
7279	11 
7280	560 
7281	591 
7282	156 
7283	603 
7284	365 
7285	462 
7286	150 
7287	135 
7288	472 
7289	711 
7290	458 
7291	411 
7292	235 
7293	74 
7294	688 
7295	488 
7296	465 
7297	665 
7298	33 
7299	64 
7300	285 
7301	450 
7302	94 
7303	124 
7304	372 
7305	392 
7306	76 
7307	177 
7308	627 
7309	116 
7310	426 
7311	246 
7312	696 
7313	221 
7314	635 
7315	631 
7316	49 
7317	488 
7318	276 
7319	349 
7320	291 
7321	130 
7322	242 
7323	164 
7324	385 
7325	346 
7326	93 
7327	635 
7328	371 
7329	136 
7330	324 
7331	626 
7332	643 
7333	430 
7334	701 
7335	308 
7336	696 
7337	147 
7338	37 
7339	295 
7340	520 
7341	196 
7342	501 
7343	190 
7344	701 
7345	251 
7346	605 
7347	93 
7348	108 
7349	370 
7350	311 
7351	512 
7352	481 
7353	286 
7354	667 
7355	381 
7356	33 
7357	601 
7358	575 
7359	61 
7360	709 
7361	286 
7362	651 
7363	392 
7364	532 
7365	385 
7366	327 
7367	22 
7368	218 
7369	468 
7370	285 
7371	236 
7372	706 
7373	358 
7374	264 
7375	288 
7376	494 
7377	323 
7378	239 
7379	432 
7380	394 
7381	645 
7382	19 
7383	558 
7384	92 
7385	644 
7386	238 
7387	715 
7388	52 
7389	452 
7390	641 
7391	671 
7392	324 
7393	106 
7394	533 
7395	639 
7396	377 
7397	608 
7398	503 
7399	212 
7400	262 
7401	137 
7402	61 
7403	281 
7404	162 
7405	429 
7406	399 
7407	529 
7408	64 
7409	359 
7410	315 
7411	141 
7412	98 
7413	402 
7414	313 
7415	465 
7416	612 
7417	139 
7418	478 
7419	630 
7420	200 
7421	583 
7422	570 
7423	100 
7424	266 
7425	581 
7426	198 
7427	390 
7428	690 
7429	283 
7430	123 
7431	20 
7432	519 
7433	329 
7434	515 
7435	152 
7436	387 
7437	468 
7438	28 
7439	135 
7440	446 
7441	408 
7442	472 
7443	256 
7444	364 
7445	173 
7446	44 
7447	631 
7448	256 
7449	645 
7450	631 
7451	193 
7452	355 
7453	614 
7454	421 
7455	370 
7456	154 
7457	224 
7458	510 
7459	377 
7460	411 
7461	381 
7462	601 
7463	669 
7464	221 
7465	634 
7466	218 
7467	175 
7468	590 
7469	296 
7470	157 
7471	563 
7472	259 
7473	84 
7474	261 
7475	594 
7476	192 
7477	390 
7478	20 
7479	644 
7480	19 
7481	157 
7482	346 
7483	629 
7484	594 
7485	364 
7486	102 
7487	679 
7488	534 
7489	246 
7490	582 
7491	155 
7492	19 
7493	390 
7494	355 
7495	185 
7496	636 
7497	145 
7498	218 
7499	555 
7500	46 
7501	641 
7502	317 
7503	522 
7504	103 
7505	693 
7506	428 
7507	658 
7508	209 
7509	331 
7510	580 
7511	693 
7512	368 
7513	395 
7514	6 
7515	235 
7516	385 
7517	515 
7518	139 
7519	6 
7520	670 
7521	208 
7522	262 
7523	657 
7524	51 
7525	637 
7526	670 
7527	458 
7528	51 
7529	409 
7530	351 
7531	345 
7532	601 
7533	507 
7534	195 
7535	718 
7536	410 
7537	644 
7538	703 
7539	423 
7540	597 
7541	391 
7542	157 
7543	54 
7544	501 
7545	401 
7546	39 
7547	312 
7548	100 
7549	624 
7550	555 
7551	295 
7552	317 
7553	426 
7554	562 
7555	334 
7556	483 
7557	219 
7558	420 
7559	706 
7560	448 
7561	460 
7562	423 
7563	433 
7564	502 
7565	718 
7566	657 
7567	565 
7568	511 
7569	569 
7570	10 
7571	137 
7572	712 
7573	626 
7574	371 
7575	92 
7576	130 
7577	697 
7578	139 
7579	680 
7580	13 
7581	112 
7582	453 
7583	306 
7584	137 
7585	47 
7586	633 
7587	349 
7588	420 
7589	264 
7590	156 
7591	208 
7592	400 
7593	88 
7594	682 
7595	476 
7596	268 
7597	232 
7598	418 
7599	51 
7600	523 
7601	258 
7602	521 
7603	704 
7604	689 
7605	609 
7606	130 
7607	475 
7608	119 
7609	169 
7610	133 
7611	481 
7612	10 
7613	664 
7614	672 
7615	474 
7616	48 
7617	411 
7618	349 
7619	165 
7620	307 
7621	176 
7622	190 
7623	640 
7624	606 
7625	240 
7626	307 
7627	51 
7628	377 
7629	142 
7630	327 
7631	602 
7632	709 
7633	372 
7634	614 
7635	597 
7636	145 
7637	585 
7638	686 
7639	67 
7640	211 
7641	697 
7642	218 
7643	302 
7644	280 
7645	519 
7646	467 
7647	191 
7648	397 
7649	413 
7650	386 
7651	351 
7652	112 
7653	107 
7654	390 
7655	688 
7656	559 
7657	113 
7658	699 
7659	8 
7660	32 
7661	323 
7662	173 
7663	472 
7664	327 
7665	469 
7666	115 
7667	11 
7668	511 
7669	57 
7670	631 
7671	292 
7672	235 
7673	414 
7674	641 
7675	119 
7676	599 
7677	193 
7678	237 
7679	436 
7680	262 
7681	531 
7682	93 
7683	520 
7684	233 
7685	703 
7686	360 
7687	241 
7688	161 
7689	60 
7690	627 
7691	719 
7692	539 
7693	496 
7694	371 
7695	346 
7696	299 
7697	154 
7698	108 
7699	122 
7700	550 
7701	384 
7702	698 
7703	581 
7704	532 
7705	460 
7706	287 
7707	365 
7708	299 
7709	78 
7710	584 
7711	1 
7712	625 
7713	256 
7714	420 
7715	609 
7716	74 
7717	483 
7718	172 
7719	1 
7720	698 
7721	175 
7722	460 
7723	190 
7724	236 
7725	462 
7726	331 
7727	697 
7728	637 
7729	176 
7730	71 
7731	166 
7732	549 
7733	226 
7734	267 
7735	669 
7736	437 
7737	668 
7738	462 
7739	701 
7740	47 
7741	686 
7742	57 
7743	415 
7744	531 
7745	42 
7746	519 
7747	191 
7748	394 
7749	698 
7750	542 
7751	634 
7752	634 
7753	453 
7754	355 
7755	69 
7756	242 
7757	350 
7758	32 
7759	450 
7760	321 
7761	583 
7762	410 
7763	632 
7764	625 
7765	630 
7766	613 
7767	89 
7768	187 
7769	34 
7770	221 
7771	410 
7772	126 
7773	169 
7774	94 
7775	194 
7776	100 
7777	96 
7778	583 
7779	542 
7780	702 
7781	316 
7782	358 
7783	148 
7784	511 
7785	699 
7786	360 
7787	649 
7788	89 
7789	355 
7790	392 
7791	33 
7792	95 
7793	219 
7794	300 
7795	667 
7796	221 
7797	531 
7798	669 
7799	590 
7800	161 
7801	540 
7802	633 
7803	240 
7804	601 
7805	49 
7806	52 
7807	452 
7808	306 
7809	436 
7810	703 
7811	226 
7812	286 
7813	352 
7814	312 
7815	538 
7816	658 
7817	594 
7818	60 
7819	689 
7820	678 
7821	485 
7822	540 
7823	221 
7824	477 
7825	461 
7826	246 
7827	673 
7828	13 
7829	537 
7830	102 
7831	425 
7832	651 
7833	341 
7834	386 
7835	20 
7836	634 
7837	692 
7838	462 
7839	344 
7840	299 
7841	609 
7842	200 
7843	323 
7844	670 
7845	495 
7846	88 
7847	410 
7848	437 
7849	3 
7850	357 
7851	17 
7852	109 
7853	525 
7854	216 
7855	562 
7856	282 
7857	330 
7858	32 
7859	486 
7860	311 
7861	100 
7862	704 
7863	624 
7864	471 
7865	177 
7866	368 
7867	657 
7868	570 
7869	287 
7870	397 
7871	577 
7872	123 
7873	453 
7874	356 
7875	273 
7876	485 
7877	214 
7878	480 
7879	521 
7880	329 
7881	514 
7882	315 
7883	257 
7884	246 
7885	601 
7886	333 
7887	155 
7888	712 
7889	496 
7890	666 
7891	395 
7892	94 
7893	115 
7894	49 
7895	158 
7896	414 
7897	603 
7898	42 
7899	161 
7900	299 
7901	458 
7902	208 
7903	533 
7904	413 
7905	233 
7906	126 
7907	195 
7908	501 
7909	575 
7910	700 
7911	444 
7912	536 
7913	311 
7914	678 
7915	498 
7916	340 
7917	65 
7918	590 
7919	410 
7920	252 
7921	560 
7922	182 
7923	65 
7924	460 
7925	266 
7926	354 
7927	317 
7928	683 
7929	61 
7930	425 
7931	481 
7932	273 
7933	386 
7934	239 
7935	79 
7936	384 
7937	495 
7938	166 
7939	264 
7940	450 
7941	627 
7942	174 
7943	158 
7944	697 
7945	241 
7946	93 
7947	257 
7948	147 
7949	561 
7950	14 
7951	395 
7952	518 
7953	470 
7954	374 
7955	610 
7956	717 
7957	94 
7958	275 
7959	501 
7960	381 
7961	86 
7962	202 
7963	315 
7964	312 
7965	246 
7966	660 
7967	13 
7968	529 
7969	399 
7970	42 
7971	160 
7972	95 
7973	49 
7974	146 
7975	529 
7976	533 
7977	549 
7978	107 
7979	126 
7980	708 
7981	380 
7982	281 
7983	486 
7984	626 
7985	35 
7986	236 
7987	152 
7988	338 
7989	250 
7990	221 
7991	693 
7992	481 
7993	331 
7994	650 
7995	267 
7996	346 
7997	32 
7998	663 
7999	500 
8000	19 
8001	636 
8002	618 
8003	340 
8004	219 
8005	518 
8006	536 
8007	35 
8008	502 
8009	672 
8010	267 
8011	344 
8012	315 
8013	25 
8014	269 
8015	702 
8016	345 
8017	697 
8018	458 
8019	341 
8020	392 
8021	632 
8022	24 
8023	469 
8024	83 
8025	326 
8026	471 
8027	120 
8028	308 
8029	254 
8030	207 
8031	524 
8032	126 
8033	635 
8034	701 
8035	601 
8036	601 
8037	253 
8038	577 
8039	647 
8040	277 
8041	462 
8042	323 
8043	715 
8044	162 
8045	470 
8046	52 
8047	512 
8048	594 
8049	59 
8050	446 
8051	674 
8052	641 
8053	67 
8054	6 
8055	339 
8056	566 
8057	335 
8058	9 
8059	20 
8060	381 
8061	688 
8062	613 
8063	286 
8064	331 
8065	565 
8066	501 
8067	452 
8068	322 
8069	541 
8070	540 
8071	580 
8072	575 
8073	542 
8074	339 
8075	414 
8076	191 
8077	19 
8078	253 
8079	202 
8080	138 
8081	307 
8082	639 
8083	120 
8084	601 
8085	250 
8086	235 
8087	329 
8088	472 
8089	223 
8090	114 
8091	660 
8092	349 
8093	426 
8094	512 
8095	366 
8096	565 
8097	705 
8098	43 
8099	300 
8100	635 
8101	496 
8102	415 
8103	1 
8104	686 
8105	226 
8106	474 
8107	420 
8108	611 
8109	33 
8110	421 
8111	614 
8112	670 
8113	432 
8114	47 
8115	86 
8116	258 
8117	352 
8118	432 
8119	689 
8120	30 
8121	712 
8122	95 
8123	478 
8124	254 
8125	414 
8126	519 
8127	219 
8128	425 
8129	510 
8130	365 
8131	267 
8132	331 
8133	216 
8134	254 
8135	295 
8136	313 
8137	262 
8138	354 
8139	346 
8140	582 
8141	517 
8142	597 
8143	540 
8144	10 
8145	697 
8146	391 
8147	266 
8148	562 
8149	488 
8150	653 
8151	690 
8152	679 
8153	164 
8154	545 
8155	668 
8156	426 
8157	221 
8158	236 
8159	537 
8160	269 
8161	198 
8162	549 
8163	496 
8164	109 
8165	277 
8166	586 
8167	342 
8168	345 
8169	262 
8170	638 
8171	175 
8172	513 
8173	150 
8174	126 
8175	376 
8176	238 
8177	596 
8178	511 
8179	218 
8180	597 
8181	594 
8182	545 
8183	212 
8184	156 
8185	550 
8186	646 
8187	107 
8188	69 
8189	411 
8190	262 
8191	46 
8192	707 
8193	208 
8194	527 
8195	532 
8196	715 
8197	409 
8198	637 
8199	340 
8200	385 
8201	460 
8202	698 
8203	571 
8204	285 
8205	83 
8206	552 
8207	396 
8208	356 
8209	478 
8210	529 
8211	346 
8212	534 
8213	329 
8214	51 
8215	157 
8216	269 
8217	135 
8218	415 
8219	650 
8220	496 
8221	357 
8222	342 
8223	699 
8224	500 
8225	158 
8226	605 
8227	225 
8228	627 
8229	635 
8230	510 
8231	48 
8232	66 
8233	261 
8234	461 
8235	241 
8236	331 
8237	270 
8238	214 
8239	182 
8240	660 
8241	577 
8242	257 
8243	100 
8244	214 
8245	212 
8246	384 
8247	666 
8248	547 
8249	346 
8250	531 
8251	380 
8252	390 
8253	393 
8254	331 
8255	236 
8256	357 
8257	311 
8258	146 
8259	514 
8260	705 
8261	637 
8262	665 
8263	37 
8264	254 
8265	349 
8266	388 
8267	275 
8268	473 
8269	276 
8270	519 
8271	458 
8272	660 
8273	359 
8274	339 
8275	37 
8276	495 
8277	266 
8278	388 
8279	163 
8280	381 
8281	155 
8282	67 
8283	633 
8284	637 
8285	424 
8286	634 
8287	397 
8288	325 
8289	58 
8290	49 
8291	453 
8292	48 
8293	398 
8294	73 
8295	646 
8296	653 
8297	593 
8298	414 
8299	529 
8300	571 
8301	127 
8302	488 
8303	515 
8304	460 
8305	369 
8306	218 
8307	712 
8308	377 
8309	636 
8310	711 
8311	308 
8312	65 
8313	326 
8314	629 
8315	596 
8316	355 
8317	243 
8318	677 
8319	496 
8320	515 
8321	75 
8322	469 
8323	95 
8324	66 
8325	688 
8326	602 
8327	238 
8328	254 
8329	83 
8330	565 
8331	625 
8332	114 
8333	123 
8334	513 
8335	395 
8336	485 
8337	690 
8338	296 
8339	586 
8340	430 
8341	495 
8342	696 
8343	717 
8344	409 
8345	341 
8346	513 
8347	296 
8348	146 
8349	331 
8350	292 
8351	501 
8352	550 
8353	338 
8354	683 
8355	416 
8356	580 
8357	140 
8358	500 
8359	64 
8360	604 
8361	601 
8362	42 
8363	630 
8364	513 
8365	322 
8366	683 
8367	447 
8368	257 
8369	355 
8370	166 
8371	469 
8372	443 
8373	282 
8374	552 
8375	190 
8376	611 
8377	276 
8378	84 
8379	461 
8380	210 
8381	23 
8382	57 
8383	241 
8384	21 
8385	15 
8386	194 
8387	27 
8388	19 
8389	488 
8390	368 
8391	338 
8392	316 
8393	436 
8394	697 
8395	622 
8396	635 
8397	99 
8398	315 
8399	629 
8400	524 
8401	187 
8402	456 
8403	22 
8404	40 
8405	212 
8406	712 
8407	426 
8408	221 
8409	638 
8410	258 
8411	374 
8412	445 
8413	650 
8414	702 
8415	573 
8416	697 
8417	524 
8418	62 
8419	441 
8420	671 
8421	295 
8422	123 
8423	415 
8424	250 
8425	223 
8426	697 
8427	322 
8428	670 
8429	450 
8430	409 
8431	239 
8432	514 
8433	225 
8434	501 
8435	194 
8436	256 
8437	214 
8438	292 
8439	626 
8440	212 
8441	196 
8442	75 
8443	546 
8444	346 
8445	665 
8446	591 
8447	273 
8448	477 
8449	433 
8450	596 
8451	288 
8452	107 
8453	678 
8454	680 
8455	443 
8456	429 
8457	308 
8458	546 
8459	88 
8460	214 
8461	680 
8462	321 
8463	74 
8464	644 
8465	339 
8466	450 
8467	103 
8468	604 
8469	414 
8470	247 
8471	196 
8472	335 
8473	99 
8474	114 
8475	719 
8476	708 
8477	315 
8478	145 
8479	641 
8480	357 
8481	243 
8482	632 
8483	202 
8484	11 
8485	531 
8486	534 
8487	630 
8488	21 
8489	712 
8490	345 
8491	344 
8492	573 
8493	210 
8494	214 
8495	518 
8496	225 
8497	290 
8498	717 
8499	115 
8500	165 
8501	381 
8502	267 
8503	377 
8504	699 
8505	453 
8506	262 
8507	699 
8508	95 
8509	660 
8510	569 
8511	533 
8512	711 
8513	485 
8514	414 
8515	490 
8516	311 
8517	130 
8518	510 
8519	394 
8520	580 
8521	605 
8522	295 
8523	226 
8524	380 
8525	542 
8526	651 
8527	94 
8528	489 
8529	426 
8530	457 
8531	485 
8532	533 
8533	250 
8534	93 
8535	653 
8536	373 
8537	116 
8538	115 
8539	546 
8540	351 
8541	696 
8542	700 
8543	45 
8544	678 
8545	359 
8546	323 
8547	206 
8548	523 
8549	288 
8550	64 
8551	45 
8552	616 
8553	247 
8554	563 
8555	686 
8556	221 
8557	93 
8558	611 
8559	48 
8560	385 
8561	34 
8562	188 
8563	455 
8564	49 
8565	27 
8566	202 
8567	19 
8568	533 
8569	321 
8570	200 
8571	630 
8572	385 
8573	264 
8574	150 
8575	141 
8576	262 
8577	396 
8578	123 
8579	206 
8580	351 
8581	630 
8582	232 
8583	373 
8584	371 
8585	492 
8586	329 
8587	97 
8588	321 
8589	708 
8590	145 
8591	107 
8592	371 
8593	703 
8594	502 
8595	529 
8596	411 
8597	458 
8598	373 
8599	321 
8600	183 
8601	549 
8602	622 
8603	269 
8604	266 
8605	570 
8606	502 
8607	521 
8608	156 
8609	235 
8610	571 
8611	71 
8612	210 
8613	391 
8614	674 
8615	632 
8616	700 
8617	441 
8618	651 
8619	590 
8620	387 
8621	121 
8622	531 
8623	351 
8624	690 
8625	569 
8626	127 
8627	469 
8628	420 
8629	296 
8630	351 
8631	634 
8632	643 
8633	712 
8634	198 
8635	391 
8636	450 
8637	637 
8638	254 
8639	267 
8640	708 
8641	586 
8642	360 
8643	550 
8644	127 
8645	276 
8646	573 
8647	523 
8648	649 
8649	178 
8650	323 
8651	266 
8652	457 
8653	416 
8654	19 
8655	660 
8656	157 
8657	66 
8658	358 
8659	622 
8660	300 
8661	221 
8662	237 
8663	433 
8664	292 
8665	549 
8666	458 
8667	286 
8668	501 
8669	502 
8670	467 
8671	539 
8672	358 
8673	316 
8674	351 
8675	164 
8676	247 
8677	411 
8678	481 
8679	409 
8680	446 
8681	575 
8682	573 
8683	645 
8684	644 
8685	176 
8686	264 
8687	464 
8688	43 
8689	641 
8690	456 
8691	100 
8692	285 
8693	8 
8694	364 
8695	616 
8696	39 
8697	660 
8698	653 
8699	667 
8700	75 
8701	689 
8702	596 
8703	512 
8704	395 
8705	461 
8706	569 
8707	351 
8708	571 
8709	127 
8710	514 
8711	510 
8712	268 
8713	321 
8714	200 
8715	34 
8716	15 
8717	686 
8718	243 
8719	273 
8720	178 
8721	218 
8722	711 
8723	106 
8724	436 
8725	262 
8726	346 
8727	95 
8728	145 
8729	368 
8730	269 
8731	453 
8732	577 
8733	636 
8734	250 
8735	76 
8736	371 
8737	45 
8738	702 
8739	34 
8740	397 
8741	693 
8742	546 
8743	552 
8744	634 
8745	107 
8746	62 
8747	539 
8748	575 
8749	48 
8750	634 
8751	686 
8752	237 
8753	626 
8754	414 
8755	622 
8756	596 
8757	88 
8758	636 
8759	324 
8760	637 
8761	626 
8762	83 
8763	1 
8764	115 
8765	449 
8766	502 
8767	83 
8768	246 
8769	27 
8770	614 
8771	172 
8772	546 
8773	158 
8774	344 
8775	562 
8776	66 
8777	213 
8778	52 
8779	258 
8780	597 
8781	329 
8782	443 
8783	395 
8784	192 
8785	385 
8786	161 
8787	178 
8788	116 
8789	46 
8790	266 
8791	378 
8792	511 
8793	481 
8794	634 
8795	597 
8796	162 
8797	327 
8798	236 
8799	521 
8800	622 
8801	254 
8802	641 
8803	371 
8804	453 
8805	391 
8806	71 
8807	48 
8808	659 
8809	62 
8810	99 
8811	213 
8812	590 
8813	596 
8814	200 
8815	549 
8816	472 
8817	657 
8818	549 
8819	44 
8820	200 
8821	670 
8822	25 
8823	390 
8824	549 
8825	538 
8826	391 
8827	139 
8828	659 
8829	672 
8830	344 
8831	552 
8832	533 
8833	254 
8834	285 
8835	457 
8836	398 
8837	499 
8838	285 
8839	13 
8840	176 
8841	155 
8842	394 
8843	506 
8844	488 
8845	42 
8846	262 
8847	158 
8848	292 
8849	325 
8850	330 
8851	138 
8852	349 
8853	458 
8854	147 
8855	315 
8856	344 
8857	198 
8858	415 
8859	700 
8860	43 
8861	39 
8862	57 
8863	592 
8864	308 
8865	147 
8866	338 
8867	501 
8868	669 
8869	275 
8870	674 
8871	56 
8872	624 
8873	252 
8874	374 
8875	172 
8876	202 
8877	307 
8878	173 
8879	160 
8880	496 
8881	240 
8882	443 
8883	458 
8884	266 
8885	54 
8886	313 
8887	426 
8888	609 
8889	594 
8890	370 
8891	16 
8892	686 
8893	506 
8894	246 
8895	220 
8896	326 
8897	270 
8898	442 
8899	417 
8900	62 
8901	603 
8902	502 
8903	39 
8904	8 
8905	410 
8906	8 
8907	242 
8908	622 
8909	71 
8910	119 
8911	634 
8912	596 
8913	570 
8914	157 
8915	394 
8916	650 
8917	570 
8918	538 
8919	665 
8920	20 
8921	669 
8922	646 
8923	390 
8924	591 
8925	531 
8926	173 
8927	95 
8928	146 
8929	308 
8930	83 
8931	580 
8932	631 
8933	315 
8934	57 
8935	376 
8936	692 
8937	97 
8938	37 
8939	169 
8940	437 
8941	88 
8942	705 
8943	630 
8944	678 
8945	456 
8946	597 
8947	188 
8948	446 
8949	368 
8950	416 
8951	27 
8952	370 
8953	580 
8954	114 
8955	94 
8956	338 
8957	321 
8958	183 
8959	712 
8960	54 
8961	288 
8962	311 
8963	273 
8964	112 
8965	37 
8966	478 
8967	354 
8968	426 
8969	317 
8970	622 
8971	539 
8972	261 
8973	322 
8974	696 
8975	257 
8976	107 
8977	660 
8978	169 
8979	635 
8980	664 
8981	261 
8982	308 
8983	421 
8984	496 
8985	432 
8986	473 
8987	514 
8988	46 
8989	225 
8990	220 
8991	183 
8992	140 
8993	534 
8994	243 
8995	665 
8996	190 
8997	540 
8998	16 
8999	221 
9000	629 
9001	35 
9002	183 
9003	575 
9004	634 
9005	592 
9006	86 
9007	157 
9008	76 
9009	71 
9010	188 
9011	461 
9012	86 
9013	686 
9014	94 
9015	355 
9016	285 
9017	533 
9018	447 
9019	295 
9020	558 
9021	252 
9022	625 
9023	495 
9024	583 
9025	396 
9026	261 
9027	254 
9028	236 
9029	290 
9030	668 
9031	370 
9032	158 
9033	639 
9034	196 
9035	660 
9036	533 
9037	421 
9038	79 
9039	121 
9040	338 
9041	536 
9042	364 
9043	547 
9044	373 
9045	449 
9046	327 
9047	307 
9048	34 
9049	632 
9050	95 
9051	338 
9052	436 
9053	54 
9054	290 
9055	158 
9056	52 
9057	48 
9058	108 
9059	414 
9060	690 
9061	27 
9062	127 
9063	540 
9064	631 
9065	664 
9066	252 
9067	637 
9068	127 
9069	219 
9070	166 
9071	397 
9072	31 
9073	364 
9074	319 
9075	330 
9076	644 
9077	627 
9078	638 
9079	420 
9080	639 
9081	136 
9082	380 
9083	51 
9084	546 
9085	207 
9086	370 
9087	480 
9088	218 
9089	420 
9090	580 
9091	432 
9092	49 
9093	88 
9094	364 
9095	130 
9096	145 
9097	547 
9098	594 
9099	35 
9100	123 
9101	260 
9102	88 
9103	426 
9104	40 
9105	521 
9106	323 
9107	436 
9108	269 
9109	701 
9110	311 
9111	510 
9112	237 
9113	577 
9114	545 
9115	11 
9116	641 
9117	686 
9118	590 
9119	34 
9120	490 
9121	46 
9122	471 
9123	63 
9124	256 
9125	358 
9126	281 
9127	35 
9128	45 
9129	708 
9130	221 
9131	237 
9132	235 
9133	437 
9134	542 
9135	664 
9136	705 
9137	638 
9138	299 
9139	119 
9140	268 
9141	658 
9142	521 
9143	514 
9144	209 
9145	51 
9146	490 
9147	462 
9148	381 
9149	295 
9150	570 
9151	590 
9152	162 
9153	307 
9154	243 
9155	313 
9156	349 
9157	341 
9158	495 
9159	409 
9160	506 
9161	449 
9162	460 
9163	302 
9164	512 
9165	700 
9166	86 
9167	254 
9168	326 
9169	3 
9170	597 
9171	448 
9172	455 
9173	686 
9174	56 
9175	460 
9176	643 
9177	254 
9178	148 
9179	470 
9180	601 
9181	267 
9182	342 
9183	250 
9184	239 
9185	693 
9186	237 
9187	126 
9188	712 
9189	498 
9190	670 
9191	282 
9192	123 
9193	202 
9194	526 
9195	282 
9196	157 
9197	79 
9198	154 
9199	498 
9200	692 
9201	240 
9202	708 
9203	523 
9204	532 
9205	355 
9206	241 
9207	562 
9208	114 
9209	69 
9210	282 
9211	425 
9212	417 
9213	651 
9214	518 
9215	65 
9216	150 
9217	105 
9218	696 
9219	394 
9220	395 
9221	317 
9222	319 
9223	236 
9224	626 
9225	628 
9226	420 
9227	637 
9228	145 
9229	532 
9230	701 
9231	233 
9232	660 
9233	597 
9234	650 
9235	267 
9236	273 
9237	33 
9238	335 
9239	409 
9240	398 
9241	521 
9242	66 
9243	518 
9244	323 
9245	100 
9246	571 
9247	511 
9248	188 
9249	596 
9250	449 
9251	105 
9252	331 
9253	269 
9254	460 
9255	166 
9256	630 
9257	384 
9258	549 
9259	651 
9260	636 
9261	395 
9262	239 
9263	385 
9264	515 
9265	450 
9266	62 
9267	380 
9268	416 
9269	145 
9270	315 
9271	240 
9272	323 
9273	580 
9274	666 
9275	327 
9276	99 
9277	156 
9278	599 
9279	397 
9280	644 
9281	250 
9282	257 
9283	48 
9284	138 
9285	563 
9286	341 
9287	669 
9288	157 
9289	80 
9290	462 
9291	686 
9292	121 
9293	436 
9294	89 
9295	33 
9296	88 
9297	281 
9298	398 
9299	6 
9300	10 
9301	455 
9302	92 
9303	116 
9304	269 
9305	646 
9306	469 
9307	597 
9308	247 
9309	304 
9310	469 
9311	391 
9312	75 
9313	266 
9314	358 
9315	275 
9316	329 
9317	430 
9318	66 
9319	467 
9320	635 
9321	174 
9322	48 
9323	668 
9324	156 
9325	94 
9326	169 
9327	696 
9328	707 
9329	629 
9330	321 
9331	266 
9332	510 
9333	145 
9334	287 
9335	547 
9336	155 
9337	195 
9338	626 
9339	327 
9340	268 
9341	210 
9342	634 
9343	103 
9344	542 
9345	374 
9346	626 
9347	545 
9348	373 
9349	51 
9350	355 
9351	95 
9352	394 
9353	99 
9354	355 
9355	432 
9356	83 
9357	88 
9358	69 
9359	671 
9360	462 
9361	483 
9362	644 
9363	708 
9364	361 
9365	370 
9366	660 
9367	409 
9368	413 
9369	384 
9370	198 
9371	327 
9372	260 
9373	25 
9374	220 
9375	267 
9376	327 
9377	322 
9378	582 
9379	264 
9380	48 
9381	173 
9382	640 
9383	707 
9384	580 
9385	25 
9386	308 
9387	385 
9388	136 
9389	115 
9390	330 
9391	467 
9392	319 
9393	16 
9394	288 
9395	510 
9396	495 
9397	166 
9398	651 
9399	439 
9400	286 
9401	166 
9402	426 
9403	221 
9404	247 
9405	488 
9406	378 
9407	371 
9408	569 
9409	304 
9410	571 
9411	311 
9412	174 
9413	481 
9414	609 
9415	243 
9416	430 
9417	421 
9418	603 
9419	433 
9420	651 
9421	638 
9422	26 
9423	672 
9424	634 
9425	302 
9426	94 
9427	346 
9428	27 
9429	146 
9430	592 
9431	260 
9432	361 
9433	515 
9434	327 
9435	287 
9436	356 
9437	417 
9438	628 
9439	327 
9440	521 
9441	636 
9442	629 
9443	46 
9444	410 
9445	717 
9446	582 
9447	483 
9448	25 
9449	295 
9450	157 
9451	130 
9452	708 
9453	220 
9454	699 
9455	116 
9456	260 
9457	292 
9458	552 
9459	391 
9460	123 
9461	317 
9462	536 
9463	569 
9464	629 
9465	191 
9466	596 
9467	49 
9468	239 
9469	394 
9470	627 
9471	651 
9472	136 
9473	242 
9474	322 
9475	370 
9476	665 
9477	641 
9478	481 
9479	529 
9480	355 
9481	640 
9482	374 
9483	224 
9484	290 
9485	27 
9486	89 
9487	200 
9488	243 
9489	281 
9490	385 
9491	311 
9492	130 
9493	650 
9494	74 
9495	338 
9496	266 
9497	651 
9498	629 
9499	622 
9500	703 
9501	79 
9502	317 
9503	75 
9504	546 
9505	304 
9506	417 
9507	426 
9508	398 
9509	385 
9510	240 
9511	495 
9512	717 
9513	411 
9514	261 
9515	341 
9516	264 
9517	494 
9518	614 
9519	700 
9520	74 
9521	569 
9522	693 
9523	719 
9524	433 
9525	63 
9526	657 
9527	550 
9528	316 
9529	155 
9530	261 
9531	371 
9532	257 
9533	315 
9534	276 
9535	281 
9536	561 
9537	240 
9538	270 
9539	145 
9540	304 
9541	532 
9542	299 
9543	698 
9544	290 
9545	496 
9546	156 
9547	597 
9548	527 
9549	590 
9550	590 
9551	16 
9552	646 
9553	57 
9554	183 
9555	462 
9556	376 
9557	638 
9558	575 
9559	8 
9560	114 
9561	640 
9562	236 
9563	373 
9564	387 
9565	608 
9566	580 
9567	683 
9568	202 
9569	495 
9570	254 
9571	653 
9572	711 
9573	286 
9574	285 
9575	107 
9576	693 
9577	368 
9578	270 
9579	100 
9580	539 
9581	315 
9582	52 
9583	545 
9584	126 
9585	626 
9586	499 
9587	683 
9588	707 
9589	300 
9590	19 
9591	527 
9592	258 
9593	281 
9594	555 
9595	10 
9596	330 
9597	465 
9598	160 
9599	266 
9600	501 
9601	160 
9602	580 
9603	433 
9604	260 
9605	660 
9606	397 
9607	443 
9608	166 
9609	540 
9610	478 
9611	708 
9612	719 
9613	506 
9614	10 
9615	121 
9616	678 
9617	625 
9618	650 
9619	483 
9620	273 
9621	161 
9622	635 
9623	420 
9624	639 
9625	501 
9626	603 
9627	626 
9628	627 
9629	703 
9630	478 
9631	356 
9632	510 
9633	443 
9634	692 
9635	622 
9636	359 
9637	155 
9638	261 
9639	549 
9640	395 
9641	270 
9642	342 
9643	562 
9644	288 
9645	136 
9646	555 
9647	518 
9648	627 
9649	550 
9650	136 
9651	121 
9652	76 
9653	288 
9654	549 
9655	657 
9656	701 
9657	555 
9658	639 
9659	469 
9660	641 
9661	686 
9662	147 
9663	79 
9664	317 
9665	536 
9666	677 
9667	313 
9668	499 
9669	212 
9670	213 
9671	700 
9672	415 
9673	174 
9674	622 
9675	665 
9676	628 
9677	196 
9678	414 
9679	376 
9680	597 
9681	224 
9682	686 
9683	672 
9684	462 
9685	123 
9686	342 
9687	549 
9688	295 
9689	158 
9690	563 
9691	10 
9692	270 
9693	384 
9694	693 
9695	48 
9696	212 
9697	65 
9698	89 
9699	247 
9700	99 
9701	194 
9702	327 
9703	299 
9704	267 
9705	154 
9706	75 
9707	15 
9708	278 
9709	384 
9710	665 
9711	92 
9712	261 
9713	717 
9714	100 
9715	660 
9716	327 
9717	547 
9718	292 
9719	254 
9720	221 
9721	356 
9722	644 
9723	200 
9724	678 
9725	237 
9726	449 
9727	292 
9728	106 
9729	538 
9730	138 
9731	257 
9732	632 
9733	235 
9734	639 
9735	8 
9736	99 
9737	8 
9738	624 
9739	198 
9740	570 
9741	75 
9742	420 
9743	285 
9744	373 
9745	481 
9746	16 
9747	243 
9748	275 
9749	569 
9750	257 
9751	357 
9752	256 
9753	330 
9754	699 
9755	164 
9756	200 
9757	565 
9758	480 
9759	462 
9760	632 
9761	665 
9762	415 
9763	292 
9764	478 
9765	164 
9766	346 
9767	194 
9768	260 
9769	678 
9770	519 
9771	214 
9772	455 
9773	246 
9774	502 
9775	696 
9776	540 
9777	123 
9778	214 
9779	443 
9780	48 
9781	252 
9782	39 
9783	515 
9784	697 
9785	127 
9786	86 
9787	577 
9788	471 
9789	299 
9790	202 
9791	290 
9792	631 
9793	450 
9794	341 
9795	69 
9796	697 
9797	317 
9798	202 
9799	74 
9800	315 
9801	531 
9802	547 
9803	446 
9804	494 
9805	527 
9806	506 
9807	295 
9808	92 
9809	410 
9810	46 
9811	154 
9812	384 
9813	331 
9814	542 
9815	461 
9816	626 
9817	591 
9818	162 
9819	657 
9820	717 
9821	89 
9822	339 
9823	295 
9824	164 
9825	540 
9826	395 
9827	292 
9828	639 
9829	446 
9830	632 
9831	126 
9832	331 
9833	540 
9834	577 
9835	672 
9836	276 
9837	381 
9838	531 
9839	683 
9840	270 
9841	570 
9842	269 
9843	147 
9844	63 
9845	114 
9846	268 
9847	651 
9848	236 
9849	385 
9850	558 
9851	214 
9852	49 
9853	174 
9854	221 
9855	398 
9856	338 
9857	123 
9858	570 
9859	693 
9860	162 
9861	549 
9862	371 
9863	127 
9864	288 
9865	287 
9866	546 
9867	540 
9868	499 
9869	485 
9870	696 
9871	483 
9872	707 
9873	214 
9874	202 
9875	510 
9876	643 
9877	534 
9878	462 
9879	191 
9880	649 
9881	624 
9882	575 
9883	499 
9884	436 
9885	299 
9886	594 
9887	686 
9888	89 
9889	212 
9890	391 
9891	637 
9892	69 
9893	160 
9894	545 
9895	395 
9896	381 
9897	540 
9898	410 
9899	27 
9900	660 
9901	114 
9902	550 
9903	552 
9904	323 
9905	373 
9906	449 
9907	39 
9908	521 
9909	285 
9910	344 
9911	549 
9912	270 
9913	549 
9914	34 
9915	555 
9916	121 
9917	603 
9918	641 
9919	666 
9920	417 
9921	453 
9922	641 
9923	594 
9924	275 
9925	146 
9926	323 
9927	609 
9928	711 
9929	237 
9930	156 
9931	358 
9932	632 
9933	635 
9934	414 
9935	597 
9936	636 
9937	115 
9938	317 
9939	34 
9940	693 
9941	387 
9942	460 
9943	295 
9944	626 
9945	485 
9946	465 
9947	258 
9948	66 
9949	194 
9950	495 
9951	32 
9952	51 
9953	410 
9954	268 
9955	532 
9956	527 
9957	295 
9958	46 
9959	146 
9960	683 
9961	285 
9962	95 
9963	449 
9964	373 
9965	250 
9966	575 
9967	387 
9968	686 
9969	356 
9970	94 
9971	264 
9972	364 
9973	344 
9974	398 
9975	1 
9976	670 
9977	146 
9978	411 
9979	690 
9980	636 
9981	657 
9982	536 
9983	395 
9984	638 
9985	146 
9986	636 
9987	66 
9988	635 
9989	539 
9990	346 
9991	237 
9992	686 
9993	461 
9994	327 
9995	461 
9996	414 
9997	273 
9998	550 
9999	506 
10000	571 
