1	4 
2	15 
3	13 
4	10 
5	19 
6	12 
7	3 
8	5 
9	18 
10	7 
11	16 
12	1 
13	20 
14	15 
15	13 
16	6 
17	10 
18	13 
19	8 
20	16 
21	8 
22	7 
23	2 
24	9 
25	8 
26	13 
27	19 
28	18 
29	10 
30	19 
31	14 
32	16 
33	12 
34	16 
35	5 
36	3 
37	1 
38	2 
39	9 
40	16 
41	8 
42	18 
43	19 
44	1 
45	6 
46	15 
47	1 
48	15 
49	13 
50	15 
51	17 
52	7 
53	20 
54	13 
55	5 
56	10 
57	16 
58	19 
59	12 
60	16 
61	7 
62	20 
63	13 
64	15 
65	14 
66	11 
67	9 
68	8 
69	1 
70	5 
71	3 
72	6 
73	10 
74	7 
75	9 
76	16 
77	20 
78	11 
79	7 
80	20 
81	5 
82	14 
83	19 
84	1 
85	3 
86	17 
87	12 
88	7 
89	6 
90	19 
91	1 
92	6 
93	2 
94	11 
95	8 
96	3 
97	11 
98	14 
99	10 
100	5 
101	3 
102	20 
103	16 
104	15 
105	2 
106	10 
107	19 
108	9 
109	6 
110	20 
111	3 
112	12 
113	7 
114	19 
115	8 
116	9 
117	6 
118	13 
119	7 
120	19 
121	6 
122	8 
123	8 
124	18 
125	19 
126	5 
127	15 
128	5 
129	3 
130	2 
131	6 
132	18 
133	6 
134	16 
135	12 
136	18 
137	15 
138	17 
139	14 
140	16 
141	19 
142	13 
143	4 
144	17 
145	9 
146	5 
147	19 
148	19 
149	19 
150	3 
151	11 
152	13 
153	17 
154	9 
155	5 
156	5 
157	13 
158	5 
159	16 
160	1 
161	9 
162	9 
163	9 
164	3 
165	19 
166	6 
167	12 
168	20 
169	20 
170	20 
171	9 
172	6 
173	19 
174	15 
175	19 
176	3 
177	13 
178	12 
179	17 
180	20 
181	14 
182	13 
183	4 
184	19 
185	2 
186	14 
187	17 
188	18 
189	4 
190	3 
191	4 
192	3 
193	19 
194	12 
195	18 
196	14 
197	16 
198	13 
199	13 
200	16 
201	15 
202	15 
203	10 
204	19 
205	11 
206	10 
207	3 
208	12 
209	19 
210	2 
211	18 
212	20 
213	14 
214	6 
215	17 
216	1 
217	3 
218	2 
219	1 
220	1 
221	15 
222	8 
223	17 
224	13 
225	18 
226	18 
227	19 
228	11 
229	10 
230	4 
231	10 
232	15 
233	15 
234	3 
235	12 
236	17 
237	2 
238	2 
239	1 
240	14 
241	7 
242	4 
243	5 
244	20 
245	18 
246	10 
247	5 
248	17 
249	16 
250	1 
251	1 
252	17 
253	2 
254	13 
255	15 
256	4 
257	13 
258	19 
259	10 
260	16 
261	15 
262	18 
263	14 
264	1 
265	12 
266	19 
267	17 
268	19 
269	14 
270	9 
271	6 
272	20 
273	15 
274	10 
275	16 
276	14 
277	16 
278	19 
279	4 
280	13 
281	9 
282	1 
283	7 
284	15 
285	14 
286	13 
287	10 
288	14 
289	1 
290	3 
291	9 
292	9 
293	6 
294	3 
295	10 
296	20 
297	18 
298	1 
299	17 
300	13 
301	15 
302	6 
303	5 
304	17 
305	10 
306	12 
307	4 
308	14 
309	16 
310	7 
311	13 
312	20 
313	13 
314	6 
315	10 
316	10 
317	15 
318	16 
319	15 
320	3 
321	8 
322	13 
323	11 
324	16 
325	3 
326	14 
327	14 
328	16 
329	8 
330	19 
331	20 
332	3 
333	6 
334	1 
335	13 
336	19 
337	17 
338	2 
339	20 
340	17 
341	20 
342	11 
343	8 
344	9 
345	20 
346	19 
347	10 
348	10 
349	5 
350	20 
351	11 
352	12 
353	11 
354	4 
355	17 
356	6 
357	3 
358	16 
359	8 
360	8 
361	13 
362	10 
363	7 
364	19 
365	16 
366	19 
367	2 
368	11 
369	12 
370	16 
371	10 
372	9 
373	15 
374	15 
375	14 
376	20 
377	10 
378	9 
379	3 
380	14 
381	2 
382	3 
383	9 
384	16 
385	19 
386	8 
387	20 
388	8 
389	5 
390	7 
391	19 
392	15 
393	19 
394	15 
395	19 
396	15 
397	9 
398	18 
399	8 
400	16 
401	17 
402	16 
403	13 
404	11 
405	2 
406	19 
407	11 
408	20 
409	13 
410	19 
411	20 
412	3 
413	9 
414	13 
415	17 
416	2 
417	11 
418	13 
419	4 
420	19 
421	3 
422	16 
423	14 
424	2 
425	17 
426	12 
427	12 
428	8 
429	9 
430	11 
431	17 
432	20 
433	17 
434	7 
435	3 
436	13 
437	5 
438	14 
439	12 
440	2 
441	18 
442	4 
443	14 
444	11 
445	7 
446	8 
447	13 
448	19 
449	8 
450	11 
451	6 
452	20 
453	1 
454	1 
455	3 
456	19 
457	6 
458	9 
459	5 
460	4 
461	12 
462	3 
463	13 
464	3 
465	10 
466	16 
467	19 
468	5 
469	19 
470	9 
471	6 
472	8 
473	10 
474	19 
475	19 
476	3 
477	16 
478	1 
479	20 
480	16 
481	10 
482	10 
483	13 
484	19 
485	13 
486	14 
487	10 
488	15 
489	10 
490	8 
491	16 
492	16 
493	19 
494	20 
495	3 
496	6 
497	2 
498	19 
499	8 
500	3 
501	5 
502	10 
503	13 
504	11 
505	3 
506	15 
507	20 
508	11 
509	5 
510	20 
511	5 
512	12 
513	3 
514	13 
515	18 
516	20 
517	7 
518	10 
519	16 
520	7 
521	14 
522	20 
523	12 
524	7 
525	17 
526	18 
527	6 
528	6 
529	17 
530	9 
531	19 
532	2 
533	2 
534	20 
535	5 
536	4 
537	7 
538	16 
539	10 
540	20 
541	10 
542	20 
543	13 
544	3 
545	14 
546	9 
547	19 
548	11 
549	10 
550	2 
551	17 
552	4 
553	3 
554	5 
555	9 
556	12 
557	3 
558	15 
559	18 
560	15 
561	4 
562	13 
563	15 
564	14 
565	18 
566	13 
567	4 
568	3 
569	17 
570	20 
571	2 
572	17 
573	11 
574	2 
575	11 
576	14 
577	1 
578	10 
579	8 
580	15 
581	15 
582	13 
583	12 
584	14 
585	16 
586	5 
587	10 
588	11 
589	13 
590	20 
591	9 
592	12 
593	19 
594	6 
595	17 
596	19 
597	7 
598	19 
599	13 
600	14 
601	20 
602	15 
603	19 
604	13 
605	10 
606	12 
607	13 
608	12 
609	11 
610	11 
611	4 
612	18 
613	8 
614	20 
615	11 
616	3 
617	13 
618	12 
619	14 
620	10 
621	7 
622	13 
623	4 
624	11 
625	5 
626	11 
627	9 
628	13 
629	1 
630	17 
631	14 
632	1 
633	1 
634	17 
635	10 
636	17 
637	8 
638	8 
639	15 
640	15 
641	16 
642	3 
643	6 
644	6 
645	19 
646	15 
647	16 
648	10 
649	18 
650	18 
651	17 
652	16 
653	8 
654	6 
655	1 
656	14 
657	15 
658	5 
659	17 
660	19 
661	9 
662	11 
663	15 
664	16 
665	19 
666	3 
667	15 
668	14 
669	15 
670	13 
671	9 
672	6 
673	16 
674	6 
675	8 
676	15 
677	19 
678	7 
679	16 
680	1 
681	17 
682	17 
683	6 
684	2 
685	7 
686	19 
687	9 
688	9 
689	7 
690	2 
691	16 
692	8 
693	3 
694	17 
695	10 
696	19 
697	12 
698	12 
699	14 
700	3 
701	2 
702	6 
703	15 
704	17 
705	18 
706	16 
707	12 
708	15 
709	8 
710	17 
711	4 
712	6 
713	5 
714	16 
715	10 
716	13 
717	19 
718	2 
719	4 
720	18 
721	15 
722	9 
723	17 
724	8 
725	20 
726	16 
727	19 
728	2 
729	3 
730	1 
731	19 
732	16 
733	7 
734	12 
735	9 
736	9 
737	8 
738	14 
739	19 
740	3 
741	17 
742	4 
743	9 
744	3 
745	9 
746	9 
747	14 
748	12 
749	17 
750	17 
751	13 
752	20 
753	13 
754	13 
755	13 
756	3 
757	4 
758	7 
759	4 
760	12 
761	7 
762	3 
763	14 
764	6 
765	5 
766	13 
767	13 
768	17 
769	13 
770	11 
771	4 
772	9 
773	17 
774	4 
775	11 
776	19 
777	11 
778	3 
779	12 
780	8 
781	5 
782	1 
783	18 
784	18 
785	10 
786	19 
787	10 
788	8 
789	14 
790	4 
791	6 
792	7 
793	19 
794	14 
795	13 
796	15 
797	10 
798	16 
799	7 
800	5 
801	7 
802	8 
803	19 
804	20 
805	15 
806	13 
807	8 
808	18 
809	10 
810	16 
811	17 
812	3 
813	17 
814	9 
815	10 
816	17 
817	4 
818	3 
819	13 
820	4 
821	14 
822	12 
823	10 
824	19 
825	16 
826	3 
827	20 
828	20 
829	19 
830	10 
831	10 
832	18 
833	18 
834	11 
835	20 
836	5 
837	19 
838	12 
839	4 
840	11 
841	1 
842	8 
843	8 
844	15 
845	15 
846	6 
847	12 
848	8 
849	3 
850	10 
851	20 
852	10 
853	9 
854	17 
855	4 
856	16 
857	17 
858	3 
859	8 
860	11 
861	4 
862	7 
863	12 
864	16 
865	9 
866	19 
867	10 
868	19 
869	20 
870	2 
871	20 
872	16 
873	4 
874	16 
875	12 
876	3 
877	19 
878	20 
879	13 
880	5 
881	10 
882	13 
883	1 
884	3 
885	18 
886	14 
887	9 
888	2 
889	14 
890	17 
891	7 
892	13 
893	16 
894	6 
895	5 
896	3 
897	8 
898	20 
899	7 
900	4 
901	10 
902	9 
903	13 
904	6 
905	11 
906	10 
907	2 
908	5 
909	19 
910	11 
911	17 
912	3 
913	1 
914	14 
915	17 
916	1 
917	15 
918	10 
919	5 
920	15 
921	3 
922	5 
923	6 
924	18 
925	19 
926	11 
927	20 
928	3 
929	2 
930	4 
931	18 
932	19 
933	15 
934	15 
935	4 
936	10 
937	5 
938	6 
939	15 
940	15 
941	8 
942	3 
943	13 
944	20 
945	8 
946	11 
947	15 
948	7 
949	9 
950	15 
951	17 
952	15 
953	13 
954	6 
955	18 
956	10 
957	6 
958	2 
959	9 
960	14 
961	20 
962	9 
963	19 
964	19 
965	9 
966	2 
967	10 
968	13 
969	19 
970	3 
971	14 
972	6 
973	20 
974	1 
975	17 
976	8 
977	11 
978	14 
979	6 
980	3 
981	19 
982	13 
983	2 
984	1 
985	9 
986	14 
987	10 
988	4 
989	10 
990	14 
991	11 
992	2 
993	12 
994	6 
995	3 
996	4 
997	19 
998	6 
999	8 
1000	15 
1001	13 
1002	15 
1003	3 
1004	9 
1005	9 
1006	16 
1007	16 
1008	16 
1009	6 
1010	6 
1011	5 
1012	15 
1013	16 
1014	6 
1015	10 
1016	2 
1017	3 
1018	6 
1019	14 
1020	18 
1021	6 
1022	17 
1023	10 
1024	18 
1025	8 
1026	20 
1027	8 
1028	12 
1029	1 
1030	16 
1031	16 
1032	6 
1033	12 
1034	10 
1035	18 
1036	18 
1037	17 
1038	1 
1039	20 
1040	4 
1041	7 
1042	16 
1043	4 
1044	15 
1045	7 
1046	17 
1047	16 
1048	12 
1049	17 
1050	12 
1051	9 
1052	8 
1053	6 
1054	2 
1055	3 
1056	18 
1057	4 
1058	15 
1059	8 
1060	6 
1061	14 
1062	16 
1063	15 
1064	20 
1065	8 
1066	9 
1067	14 
1068	4 
1069	17 
1070	12 
1071	9 
1072	11 
1073	3 
1074	13 
1075	6 
1076	15 
1077	19 
1078	3 
1079	12 
1080	14 
1081	19 
1082	2 
1083	6 
1084	14 
1085	15 
1086	18 
1087	16 
1088	9 
1089	15 
1090	3 
1091	16 
1092	7 
1093	4 
1094	18 
1095	19 
1096	18 
1097	16 
1098	8 
1099	8 
1100	17 
1101	19 
1102	17 
1103	20 
1104	4 
1105	4 
1106	14 
1107	14 
1108	9 
1109	16 
1110	7 
1111	15 
1112	4 
1113	20 
1114	11 
1115	17 
1116	17 
1117	16 
1118	3 
1119	7 
1120	8 
1121	18 
1122	7 
1123	13 
1124	11 
1125	8 
1126	12 
1127	20 
1128	7 
1129	9 
1130	4 
1131	11 
1132	6 
1133	18 
1134	18 
1135	5 
1136	7 
1137	7 
1138	15 
1139	11 
1140	17 
1141	3 
1142	13 
1143	3 
1144	16 
1145	16 
1146	19 
1147	16 
1148	5 
1149	11 
1150	18 
1151	20 
1152	20 
1153	2 
1154	17 
1155	19 
1156	4 
1157	18 
1158	7 
1159	2 
1160	16 
1161	12 
1162	11 
1163	12 
1164	6 
1165	8 
1166	3 
1167	16 
1168	11 
1169	13 
1170	16 
1171	3 
1172	13 
1173	20 
1174	13 
1175	4 
1176	8 
1177	5 
1178	15 
1179	19 
1180	2 
1181	13 
1182	5 
1183	12 
1184	10 
1185	13 
1186	9 
1187	10 
1188	16 
1189	14 
1190	17 
1191	6 
1192	10 
1193	8 
1194	15 
1195	9 
1196	12 
1197	19 
1198	16 
1199	13 
1200	18 
1201	8 
1202	16 
1203	13 
1204	10 
1205	10 
1206	14 
1207	6 
1208	3 
1209	9 
1210	19 
1211	17 
1212	15 
1213	3 
1214	5 
1215	19 
1216	13 
1217	6 
1218	12 
1219	9 
1220	14 
1221	8 
1222	9 
1223	17 
1224	10 
1225	12 
1226	20 
1227	18 
1228	9 
1229	16 
1230	10 
1231	8 
1232	6 
1233	16 
1234	8 
1235	5 
1236	3 
1237	18 
1238	4 
1239	19 
1240	4 
1241	2 
1242	17 
1243	19 
1244	10 
1245	2 
1246	6 
1247	20 
1248	14 
1249	2 
1250	13 
1251	10 
1252	10 
1253	9 
1254	9 
1255	5 
1256	11 
1257	7 
1258	11 
1259	13 
1260	1 
1261	15 
1262	7 
1263	19 
1264	19 
1265	4 
1266	6 
1267	18 
1268	13 
1269	16 
1270	17 
1271	10 
1272	3 
1273	14 
1274	16 
1275	15 
1276	5 
1277	13 
1278	14 
1279	6 
1280	9 
1281	5 
1282	16 
1283	6 
1284	17 
1285	15 
1286	16 
1287	3 
1288	1 
1289	6 
1290	8 
1291	13 
1292	6 
1293	20 
1294	10 
1295	20 
1296	1 
1297	19 
1298	13 
1299	3 
1300	5 
1301	18 
1302	3 
1303	9 
1304	2 
1305	17 
1306	10 
1307	20 
1308	3 
1309	4 
1310	20 
1311	4 
1312	18 
1313	4 
1314	4 
1315	9 
1316	13 
1317	5 
1318	20 
1319	8 
1320	19 
1321	9 
1322	11 
1323	13 
1324	8 
1325	13 
1326	7 
1327	14 
1328	18 
1329	11 
1330	19 
1331	12 
1332	14 
1333	19 
1334	7 
1335	7 
1336	12 
1337	11 
1338	8 
1339	17 
1340	16 
1341	6 
1342	15 
1343	13 
1344	10 
1345	8 
1346	12 
1347	10 
1348	18 
1349	2 
1350	3 
1351	12 
1352	19 
1353	20 
1354	20 
1355	7 
1356	20 
1357	6 
1358	13 
1359	17 
1360	6 
1361	14 
1362	15 
1363	12 
1364	16 
1365	7 
1366	12 
1367	10 
1368	6 
1369	10 
1370	4 
1371	16 
1372	2 
1373	1 
1374	7 
1375	12 
1376	3 
1377	4 
1378	4 
1379	15 
1380	19 
1381	13 
1382	13 
1383	14 
1384	5 
1385	16 
1386	17 
1387	4 
1388	5 
1389	20 
1390	15 
1391	18 
1392	4 
1393	5 
1394	14 
1395	12 
1396	9 
1397	10 
1398	5 
1399	13 
1400	9 
1401	14 
1402	9 
1403	20 
1404	16 
1405	13 
1406	1 
1407	12 
1408	20 
1409	17 
1410	5 
1411	8 
1412	3 
1413	6 
1414	3 
1415	16 
1416	16 
1417	19 
1418	5 
1419	6 
1420	3 
1421	6 
1422	19 
1423	5 
1424	11 
1425	10 
1426	8 
1427	8 
1428	12 
1429	7 
1430	11 
1431	5 
1432	9 
1433	17 
1434	17 
1435	7 
1436	17 
1437	12 
1438	8 
1439	12 
1440	3 
1441	6 
1442	6 
1443	15 
1444	2 
1445	11 
1446	17 
1447	17 
1448	5 
1449	9 
1450	10 
1451	6 
1452	14 
1453	11 
1454	9 
1455	16 
1456	6 
1457	20 
1458	7 
1459	11 
1460	16 
1461	11 
1462	11 
1463	12 
1464	8 
1465	1 
1466	5 
1467	15 
1468	10 
1469	9 
1470	3 
1471	8 
1472	7 
1473	20 
1474	17 
1475	19 
1476	8 
1477	12 
1478	18 
1479	19 
1480	2 
1481	20 
1482	8 
1483	11 
1484	15 
1485	17 
1486	2 
1487	2 
1488	12 
1489	2 
1490	4 
1491	12 
1492	10 
1493	10 
1494	1 
1495	12 
1496	19 
1497	14 
1498	16 
1499	5 
1500	18 
1501	10 
1502	7 
1503	20 
1504	6 
1505	6 
1506	6 
1507	16 
1508	5 
1509	16 
1510	19 
1511	19 
1512	12 
1513	15 
1514	1 
1515	8 
1516	2 
1517	13 
1518	2 
1519	2 
1520	19 
1521	16 
1522	14 
1523	17 
1524	10 
1525	18 
1526	8 
1527	11 
1528	6 
1529	10 
1530	5 
1531	8 
1532	4 
1533	11 
1534	11 
1535	11 
1536	12 
1537	19 
1538	8 
1539	19 
1540	5 
1541	15 
1542	9 
1543	6 
1544	2 
1545	12 
1546	14 
1547	19 
1548	9 
1549	4 
1550	8 
1551	9 
1552	19 
1553	4 
1554	3 
1555	16 
1556	6 
1557	18 
1558	10 
1559	10 
1560	19 
1561	12 
1562	16 
1563	7 
1564	10 
1565	19 
1566	6 
1567	10 
1568	16 
1569	13 
1570	10 
1571	20 
1572	9 
1573	9 
1574	16 
1575	14 
1576	5 
1577	19 
1578	16 
1579	8 
1580	6 
1581	20 
1582	17 
1583	4 
1584	8 
1585	6 
1586	9 
1587	17 
1588	12 
1589	12 
1590	13 
1591	8 
1592	18 
1593	10 
1594	6 
1595	8 
1596	1 
1597	6 
1598	16 
1599	12 
1600	10 
1601	19 
1602	6 
1603	15 
1604	13 
1605	14 
1606	4 
1607	19 
1608	19 
1609	10 
1610	15 
1611	16 
1612	2 
1613	8 
1614	7 
1615	18 
1616	17 
1617	8 
1618	5 
1619	4 
1620	7 
1621	19 
1622	13 
1623	8 
1624	10 
1625	16 
1626	2 
1627	16 
1628	4 
1629	5 
1630	4 
1631	11 
1632	20 
1633	5 
1634	14 
1635	20 
1636	15 
1637	20 
1638	1 
1639	20 
1640	4 
1641	8 
1642	3 
1643	14 
1644	17 
1645	6 
1646	17 
1647	19 
1648	19 
1649	9 
1650	20 
1651	9 
1652	12 
1653	20 
1654	5 
1655	13 
1656	7 
1657	8 
1658	5 
1659	18 
1660	10 
1661	2 
1662	10 
1663	17 
1664	3 
1665	6 
1666	16 
1667	19 
1668	4 
1669	16 
1670	13 
1671	10 
1672	7 
1673	19 
1674	15 
1675	15 
1676	20 
1677	2 
1678	4 
1679	9 
1680	8 
1681	6 
1682	2 
1683	4 
1684	16 
1685	6 
1686	8 
1687	17 
1688	11 
1689	7 
1690	3 
1691	9 
1692	12 
1693	16 
1694	9 
1695	10 
1696	14 
1697	13 
1698	6 
1699	1 
1700	1 
1701	19 
1702	13 
1703	19 
1704	10 
1705	2 
1706	15 
1707	20 
1708	15 
1709	9 
1710	20 
1711	7 
1712	9 
1713	18 
1714	19 
1715	3 
1716	13 
1717	14 
1718	9 
1719	4 
1720	3 
1721	17 
1722	20 
1723	9 
1724	10 
1725	3 
1726	6 
1727	18 
1728	2 
1729	4 
1730	3 
1731	5 
1732	16 
1733	13 
1734	2 
1735	18 
1736	9 
1737	20 
1738	6 
1739	10 
1740	18 
1741	14 
1742	16 
1743	1 
1744	10 
1745	1 
1746	17 
1747	16 
1748	16 
1749	14 
1750	18 
1751	3 
1752	20 
1753	10 
1754	19 
1755	11 
1756	10 
1757	11 
1758	1 
1759	15 
1760	20 
1761	11 
1762	17 
1763	20 
1764	8 
1765	11 
1766	6 
1767	9 
1768	17 
1769	10 
1770	11 
1771	16 
1772	19 
1773	15 
1774	10 
1775	16 
1776	18 
1777	16 
1778	16 
1779	15 
1780	15 
1781	19 
1782	20 
1783	5 
1784	2 
1785	9 
1786	15 
1787	17 
1788	15 
1789	8 
1790	14 
1791	3 
1792	2 
1793	11 
1794	3 
1795	13 
1796	3 
1797	8 
1798	8 
1799	17 
1800	4 
1801	11 
1802	3 
1803	8 
1804	16 
1805	1 
1806	12 
1807	16 
1808	20 
1809	20 
1810	6 
1811	14 
1812	17 
1813	8 
1814	9 
1815	14 
1816	9 
1817	2 
1818	5 
1819	10 
1820	12 
1821	11 
1822	8 
1823	2 
1824	8 
1825	17 
1826	4 
1827	19 
1828	5 
1829	8 
1830	10 
1831	19 
1832	4 
1833	9 
1834	10 
1835	10 
1836	3 
1837	20 
1838	17 
1839	1 
1840	15 
1841	12 
1842	15 
1843	8 
1844	3 
1845	11 
1846	13 
1847	19 
1848	15 
1849	13 
1850	8 
1851	19 
1852	1 
1853	18 
1854	20 
1855	17 
1856	7 
1857	10 
1858	16 
1859	17 
1860	2 
1861	9 
1862	7 
1863	20 
1864	10 
1865	10 
1866	2 
1867	14 
1868	6 
1869	20 
1870	19 
1871	11 
1872	10 
1873	2 
1874	15 
1875	1 
1876	6 
1877	10 
1878	15 
1879	3 
1880	15 
1881	6 
1882	13 
1883	17 
1884	5 
1885	2 
1886	17 
1887	10 
1888	3 
1889	18 
1890	3 
1891	16 
1892	12 
1893	10 
1894	7 
1895	10 
1896	7 
1897	6 
1898	12 
1899	1 
1900	20 
1901	20 
1902	10 
1903	15 
1904	4 
1905	6 
1906	4 
1907	11 
1908	9 
1909	5 
1910	16 
1911	11 
1912	6 
1913	13 
1914	3 
1915	9 
1916	3 
1917	20 
1918	20 
1919	7 
1920	17 
1921	19 
1922	16 
1923	19 
1924	20 
1925	8 
1926	8 
1927	6 
1928	13 
1929	10 
1930	14 
1931	19 
1932	5 
1933	20 
1934	19 
1935	4 
1936	18 
1937	7 
1938	9 
1939	10 
1940	19 
1941	14 
1942	8 
1943	13 
1944	10 
1945	16 
1946	5 
1947	4 
1948	8 
1949	6 
1950	6 
1951	7 
1952	19 
1953	20 
1954	3 
1955	10 
1956	3 
1957	20 
1958	15 
1959	18 
1960	11 
1961	4 
1962	13 
1963	1 
1964	18 
1965	12 
1966	6 
1967	12 
1968	13 
1969	5 
1970	11 
1971	20 
1972	11 
1973	6 
1974	4 
1975	1 
1976	14 
1977	19 
1978	12 
1979	1 
1980	15 
1981	3 
1982	15 
1983	19 
1984	8 
1985	16 
1986	11 
1987	14 
1988	17 
1989	15 
1990	13 
1991	19 
1992	6 
1993	12 
1994	10 
1995	9 
1996	17 
1997	9 
1998	20 
1999	10 
2000	20 
2001	16 
2002	7 
2003	20 
2004	15 
2005	2 
2006	14 
2007	17 
2008	18 
2009	15 
2010	3 
2011	4 
2012	14 
2013	8 
2014	14 
2015	2 
2016	8 
2017	14 
2018	10 
2019	1 
2020	15 
2021	16 
2022	15 
2023	19 
2024	8 
2025	19 
2026	17 
2027	10 
2028	1 
2029	10 
2030	8 
2031	8 
2032	10 
2033	6 
2034	19 
2035	5 
2036	9 
2037	19 
2038	17 
2039	10 
2040	10 
2041	17 
2042	4 
2043	11 
2044	15 
2045	9 
2046	15 
2047	10 
2048	3 
2049	7 
2050	1 
2051	12 
2052	6 
2053	1 
2054	6 
2055	11 
2056	16 
2057	11 
2058	12 
2059	4 
2060	11 
2061	3 
2062	8 
2063	9 
2064	16 
2065	5 
2066	10 
2067	3 
2068	10 
2069	18 
2070	6 
2071	10 
2072	8 
2073	13 
2074	1 
2075	19 
2076	15 
2077	7 
2078	18 
2079	12 
2080	3 
2081	17 
2082	12 
2083	15 
2084	18 
2085	18 
2086	8 
2087	8 
2088	20 
2089	7 
2090	3 
2091	16 
2092	20 
2093	12 
2094	9 
2095	6 
2096	16 
2097	17 
2098	16 
2099	8 
2100	4 
2101	17 
2102	8 
2103	14 
2104	16 
2105	20 
2106	12 
2107	8 
2108	3 
2109	16 
2110	5 
2111	8 
2112	14 
2113	8 
2114	2 
2115	10 
2116	19 
2117	5 
2118	20 
2119	19 
2120	11 
2121	4 
2122	11 
2123	20 
2124	16 
2125	6 
2126	8 
2127	10 
2128	10 
2129	20 
2130	7 
2131	19 
2132	19 
2133	2 
2134	1 
2135	16 
2136	8 
2137	16 
2138	16 
2139	9 
2140	2 
2141	4 
2142	13 
2143	16 
2144	11 
2145	6 
2146	8 
2147	6 
2148	9 
2149	8 
2150	7 
2151	1 
2152	15 
2153	15 
2154	14 
2155	15 
2156	16 
2157	20 
2158	20 
2159	20 
2160	11 
2161	11 
2162	20 
2163	6 
2164	20 
2165	12 
2166	18 
2167	12 
2168	11 
2169	5 
2170	5 
2171	4 
2172	4 
2173	16 
2174	17 
2175	20 
2176	16 
2177	12 
2178	19 
2179	15 
2180	4 
2181	2 
2182	9 
2183	17 
2184	8 
2185	2 
2186	15 
2187	3 
2188	20 
2189	17 
2190	2 
2191	17 
2192	13 
2193	13 
2194	8 
2195	8 
2196	10 
2197	13 
2198	7 
2199	17 
2200	20 
2201	15 
2202	20 
2203	12 
2204	20 
2205	17 
2206	3 
2207	8 
2208	5 
2209	12 
2210	2 
2211	2 
2212	10 
2213	6 
2214	11 
2215	4 
2216	16 
2217	10 
2218	13 
2219	14 
2220	8 
2221	17 
2222	19 
2223	9 
2224	3 
2225	9 
2226	10 
2227	8 
2228	6 
2229	19 
2230	14 
2231	8 
2232	2 
2233	14 
2234	8 
2235	3 
2236	18 
2237	4 
2238	15 
2239	1 
2240	20 
2241	2 
2242	9 
2243	20 
2244	15 
2245	18 
2246	2 
2247	11 
2248	12 
2249	19 
2250	9 
2251	2 
2252	19 
2253	10 
2254	4 
2255	10 
2256	19 
2257	6 
2258	2 
2259	8 
2260	15 
2261	17 
2262	7 
2263	16 
2264	2 
2265	9 
2266	2 
2267	7 
2268	16 
2269	14 
2270	6 
2271	3 
2272	16 
2273	19 
2274	3 
2275	10 
2276	1 
2277	8 
2278	15 
2279	4 
2280	6 
2281	9 
2282	20 
2283	11 
2284	7 
2285	17 
2286	1 
2287	14 
2288	13 
2289	16 
2290	3 
2291	13 
2292	19 
2293	12 
2294	5 
2295	6 
2296	9 
2297	15 
2298	9 
2299	8 
2300	19 
2301	2 
2302	8 
2303	10 
2304	9 
2305	9 
2306	6 
2307	3 
2308	6 
2309	11 
2310	8 
2311	19 
2312	6 
2313	14 
2314	12 
2315	9 
2316	4 
2317	5 
2318	4 
2319	12 
2320	6 
2321	20 
2322	11 
2323	18 
2324	10 
2325	2 
2326	12 
2327	14 
2328	2 
2329	17 
2330	20 
2331	7 
2332	8 
2333	20 
2334	19 
2335	4 
2336	3 
2337	9 
2338	18 
2339	10 
2340	19 
2341	13 
2342	19 
2343	14 
2344	8 
2345	12 
2346	16 
2347	1 
2348	9 
2349	20 
2350	17 
2351	12 
2352	13 
2353	10 
2354	9 
2355	5 
2356	17 
2357	2 
2358	1 
2359	16 
2360	16 
2361	3 
2362	11 
2363	8 
2364	4 
2365	14 
2366	16 
2367	17 
2368	10 
2369	3 
2370	8 
2371	11 
2372	18 
2373	20 
2374	18 
2375	7 
2376	10 
2377	16 
2378	6 
2379	1 
2380	9 
2381	20 
2382	19 
2383	2 
2384	18 
2385	1 
2386	20 
2387	9 
2388	13 
2389	3 
2390	16 
2391	20 
2392	4 
2393	16 
2394	3 
2395	9 
2396	9 
2397	13 
2398	7 
2399	12 
2400	16 
2401	1 
2402	13 
2403	16 
2404	3 
2405	19 
2406	16 
2407	20 
2408	14 
2409	2 
2410	12 
2411	11 
2412	8 
2413	6 
2414	16 
2415	7 
2416	5 
2417	20 
2418	9 
2419	12 
2420	6 
2421	19 
2422	7 
2423	5 
2424	20 
2425	1 
2426	12 
2427	10 
2428	1 
2429	13 
2430	4 
2431	12 
2432	17 
2433	14 
2434	3 
2435	19 
2436	18 
2437	17 
2438	9 
2439	13 
2440	16 
2441	4 
2442	10 
2443	6 
2444	1 
2445	4 
2446	3 
2447	11 
2448	17 
2449	9 
2450	1 
2451	6 
2452	6 
2453	7 
2454	18 
2455	9 
2456	9 
2457	15 
2458	8 
2459	16 
2460	6 
2461	11 
2462	14 
2463	19 
2464	7 
2465	6 
2466	9 
2467	12 
2468	11 
2469	8 
2470	20 
2471	20 
2472	16 
2473	7 
2474	19 
2475	18 
2476	11 
2477	9 
2478	10 
2479	1 
2480	16 
2481	10 
2482	13 
2483	10 
2484	4 
2485	7 
2486	6 
2487	7 
2488	3 
2489	8 
2490	13 
2491	15 
2492	12 
2493	5 
2494	3 
2495	3 
2496	1 
2497	20 
2498	3 
2499	11 
2500	10 
2501	11 
2502	1 
2503	14 
2504	7 
2505	14 
2506	6 
2507	3 
2508	18 
2509	9 
2510	2 
2511	2 
2512	19 
2513	13 
2514	12 
2515	13 
2516	14 
2517	7 
2518	6 
2519	14 
2520	4 
2521	2 
2522	15 
2523	2 
2524	19 
2525	13 
2526	20 
2527	15 
2528	8 
2529	10 
2530	20 
2531	16 
2532	8 
2533	1 
2534	19 
2535	5 
2536	3 
2537	14 
2538	16 
2539	18 
2540	19 
2541	5 
2542	8 
2543	4 
2544	11 
2545	18 
2546	10 
2547	19 
2548	12 
2549	7 
2550	6 
2551	5 
2552	11 
2553	2 
2554	15 
2555	9 
2556	7 
2557	11 
2558	13 
2559	18 
2560	19 
2561	9 
2562	9 
2563	9 
2564	8 
2565	17 
2566	4 
2567	8 
2568	8 
2569	14 
2570	1 
2571	3 
2572	10 
2573	3 
2574	20 
2575	19 
2576	15 
2577	13 
2578	15 
2579	2 
2580	2 
2581	12 
2582	13 
2583	5 
2584	20 
2585	15 
2586	8 
2587	14 
2588	4 
2589	16 
2590	13 
2591	19 
2592	4 
2593	19 
2594	6 
2595	18 
2596	3 
2597	16 
2598	18 
2599	15 
2600	5 
2601	2 
2602	13 
2603	11 
2604	10 
2605	3 
2606	2 
2607	20 
2608	10 
2609	11 
2610	11 
2611	8 
2612	3 
2613	1 
2614	11 
2615	10 
2616	3 
2617	19 
2618	12 
2619	6 
2620	7 
2621	6 
2622	15 
2623	17 
2624	17 
2625	19 
2626	2 
2627	8 
2628	14 
2629	2 
2630	6 
2631	16 
2632	15 
2633	14 
2634	1 
2635	2 
2636	13 
2637	1 
2638	10 
2639	1 
2640	9 
2641	10 
2642	10 
2643	14 
2644	7 
2645	15 
2646	16 
2647	19 
2648	15 
2649	2 
2650	19 
2651	6 
2652	14 
2653	11 
2654	9 
2655	12 
2656	17 
2657	17 
2658	16 
2659	20 
2660	8 
2661	6 
2662	15 
2663	8 
2664	5 
2665	13 
2666	19 
2667	3 
2668	15 
2669	7 
2670	10 
2671	1 
2672	6 
2673	8 
2674	17 
2675	13 
2676	13 
2677	16 
2678	3 
2679	2 
2680	20 
2681	19 
2682	1 
2683	5 
2684	16 
2685	14 
2686	17 
2687	8 
2688	18 
2689	15 
2690	16 
2691	19 
2692	19 
2693	6 
2694	7 
2695	15 
2696	20 
2697	13 
2698	15 
2699	10 
2700	19 
2701	19 
2702	5 
2703	12 
2704	1 
2705	13 
2706	6 
2707	11 
2708	13 
2709	10 
2710	15 
2711	3 
2712	15 
2713	13 
2714	1 
2715	10 
2716	19 
2717	10 
2718	9 
2719	8 
2720	1 
2721	8 
2722	12 
2723	2 
2724	2 
2725	10 
2726	11 
2727	17 
2728	19 
2729	2 
2730	10 
2731	14 
2732	9 
2733	7 
2734	19 
2735	7 
2736	18 
2737	2 
2738	5 
2739	8 
2740	13 
2741	16 
2742	20 
2743	20 
2744	2 
2745	1 
2746	16 
2747	3 
2748	12 
2749	18 
2750	19 
2751	2 
2752	4 
2753	16 
2754	16 
2755	4 
2756	13 
2757	16 
2758	10 
2759	15 
2760	4 
2761	10 
2762	19 
2763	14 
2764	8 
2765	11 
2766	15 
2767	12 
2768	10 
2769	8 
2770	6 
2771	16 
2772	4 
2773	1 
2774	10 
2775	18 
2776	1 
2777	3 
2778	15 
2779	16 
2780	18 
2781	7 
2782	19 
2783	17 
2784	12 
2785	12 
2786	18 
2787	16 
2788	11 
2789	14 
2790	8 
2791	5 
2792	17 
2793	1 
2794	18 
2795	15 
2796	17 
2797	16 
2798	2 
2799	4 
2800	18 
2801	14 
2802	12 
2803	16 
2804	15 
2805	19 
2806	4 
2807	17 
2808	1 
2809	9 
2810	9 
2811	5 
2812	10 
2813	3 
2814	9 
2815	20 
2816	10 
2817	10 
2818	20 
2819	10 
2820	12 
2821	11 
2822	8 
2823	12 
2824	3 
2825	10 
2826	19 
2827	11 
2828	16 
2829	20 
2830	19 
2831	20 
2832	11 
2833	7 
2834	16 
2835	6 
2836	11 
2837	6 
2838	15 
2839	15 
2840	11 
2841	18 
2842	17 
2843	17 
2844	20 
2845	14 
2846	6 
2847	18 
2848	8 
2849	16 
2850	20 
2851	13 
2852	3 
2853	2 
2854	13 
2855	17 
2856	11 
2857	12 
2858	7 
2859	13 
2860	2 
2861	6 
2862	5 
2863	13 
2864	8 
2865	3 
2866	19 
2867	16 
2868	18 
2869	19 
2870	13 
2871	10 
2872	12 
2873	6 
2874	7 
2875	1 
2876	4 
2877	12 
2878	16 
2879	8 
2880	8 
2881	6 
2882	6 
2883	2 
2884	15 
2885	8 
2886	14 
2887	15 
2888	5 
2889	4 
2890	1 
2891	16 
2892	12 
2893	15 
2894	6 
2895	15 
2896	7 
2897	19 
2898	15 
2899	10 
2900	20 
2901	20 
2902	11 
2903	10 
2904	3 
2905	10 
2906	8 
2907	6 
2908	3 
2909	11 
2910	5 
2911	6 
2912	16 
2913	20 
2914	11 
2915	7 
2916	18 
2917	15 
2918	16 
2919	19 
2920	8 
2921	14 
2922	6 
2923	3 
2924	15 
2925	10 
2926	20 
2927	3 
2928	19 
2929	9 
2930	15 
2931	2 
2932	17 
2933	5 
2934	2 
2935	6 
2936	17 
2937	8 
2938	16 
2939	10 
2940	16 
2941	16 
2942	4 
2943	3 
2944	12 
2945	16 
2946	13 
2947	5 
2948	4 
2949	10 
2950	12 
2951	12 
2952	2 
2953	13 
2954	2 
2955	13 
2956	12 
2957	10 
2958	10 
2959	8 
2960	16 
2961	10 
2962	14 
2963	19 
2964	7 
2965	15 
2966	19 
2967	3 
2968	8 
2969	16 
2970	3 
2971	18 
2972	3 
2973	14 
2974	19 
2975	7 
2976	11 
2977	7 
2978	18 
2979	12 
2980	8 
2981	9 
2982	12 
2983	9 
2984	16 
2985	20 
2986	19 
2987	10 
2988	20 
2989	16 
2990	3 
2991	4 
2992	18 
2993	8 
2994	14 
2995	16 
2996	16 
2997	8 
2998	18 
2999	10 
3000	11 
3001	3 
3002	3 
3003	8 
3004	9 
3005	8 
3006	5 
3007	3 
3008	19 
3009	14 
3010	9 
3011	13 
3012	17 
3013	17 
3014	11 
3015	2 
3016	13 
3017	10 
3018	15 
3019	3 
3020	8 
3021	11 
3022	1 
3023	12 
3024	20 
3025	11 
3026	6 
3027	13 
3028	12 
3029	6 
3030	6 
3031	12 
3032	4 
3033	9 
3034	20 
3035	19 
3036	15 
3037	13 
3038	8 
3039	6 
3040	4 
3041	4 
3042	13 
3043	8 
3044	3 
3045	20 
3046	5 
3047	3 
3048	10 
3049	4 
3050	11 
3051	11 
3052	8 
3053	12 
3054	15 
3055	17 
3056	3 
3057	6 
3058	19 
3059	19 
3060	2 
3061	6 
3062	15 
3063	17 
3064	14 
3065	16 
3066	17 
3067	12 
3068	16 
3069	15 
3070	1 
3071	3 
3072	8 
3073	9 
3074	3 
3075	15 
3076	19 
3077	3 
3078	2 
3079	12 
3080	10 
3081	13 
3082	5 
3083	15 
3084	19 
3085	12 
3086	15 
3087	8 
3088	13 
3089	4 
3090	6 
3091	3 
3092	14 
3093	19 
3094	10 
3095	20 
3096	17 
3097	13 
3098	11 
3099	5 
3100	19 
3101	19 
3102	12 
3103	4 
3104	6 
3105	12 
3106	13 
3107	14 
3108	7 
3109	17 
3110	6 
3111	15 
3112	19 
3113	10 
3114	8 
3115	15 
3116	13 
3117	10 
3118	12 
3119	17 
3120	12 
3121	10 
3122	20 
3123	6 
3124	10 
3125	4 
3126	16 
3127	11 
3128	8 
3129	19 
3130	16 
3131	3 
3132	7 
3133	10 
3134	9 
3135	19 
3136	16 
3137	9 
3138	16 
3139	19 
3140	16 
3141	13 
3142	4 
3143	9 
3144	1 
3145	13 
3146	19 
3147	11 
3148	6 
3149	9 
3150	13 
3151	8 
3152	5 
3153	10 
3154	12 
3155	18 
3156	4 
3157	4 
3158	11 
3159	14 
3160	19 
3161	16 
3162	16 
3163	7 
3164	6 
3165	9 
3166	10 
3167	7 
3168	8 
3169	17 
3170	12 
3171	19 
3172	3 
3173	14 
3174	1 
3175	6 
3176	12 
3177	20 
3178	8 
3179	6 
3180	20 
3181	19 
3182	10 
3183	16 
3184	20 
3185	10 
3186	10 
3187	19 
3188	19 
3189	3 
3190	9 
3191	6 
3192	17 
3193	15 
3194	5 
3195	20 
3196	20 
3197	19 
3198	19 
3199	4 
3200	1 
3201	8 
3202	3 
3203	11 
3204	16 
3205	7 
3206	19 
3207	7 
3208	14 
3209	9 
3210	3 
3211	8 
3212	2 
3213	14 
3214	17 
3215	1 
3216	8 
3217	20 
3218	19 
3219	11 
3220	7 
3221	7 
3222	14 
3223	20 
3224	13 
3225	16 
3226	15 
3227	6 
3228	14 
3229	19 
3230	5 
3231	7 
3232	10 
3233	11 
3234	12 
3235	12 
3236	4 
3237	6 
3238	18 
3239	20 
3240	1 
3241	8 
3242	3 
3243	6 
3244	10 
3245	17 
3246	14 
3247	19 
3248	16 
3249	13 
3250	16 
3251	10 
3252	14 
3253	12 
3254	4 
3255	13 
3256	6 
3257	12 
3258	14 
3259	7 
3260	17 
3261	17 
3262	5 
3263	10 
3264	20 
3265	5 
3266	19 
3267	8 
3268	3 
3269	15 
3270	10 
3271	15 
3272	5 
3273	14 
3274	8 
3275	8 
3276	3 
3277	15 
3278	10 
3279	11 
3280	7 
3281	4 
3282	16 
3283	10 
3284	15 
3285	6 
3286	10 
3287	15 
3288	2 
3289	17 
3290	7 
3291	11 
3292	3 
3293	6 
3294	20 
3295	7 
3296	4 
3297	13 
3298	19 
3299	16 
3300	3 
3301	18 
3302	8 
3303	4 
3304	10 
3305	13 
3306	8 
3307	3 
3308	15 
3309	11 
3310	19 
3311	17 
3312	8 
3313	15 
3314	4 
3315	16 
3316	10 
3317	9 
3318	8 
3319	5 
3320	10 
3321	14 
3322	8 
3323	5 
3324	4 
3325	6 
3326	20 
3327	1 
3328	18 
3329	17 
3330	5 
3331	9 
3332	10 
3333	16 
3334	16 
3335	17 
3336	5 
3337	10 
3338	5 
3339	18 
3340	19 
3341	4 
3342	16 
3343	13 
3344	18 
3345	8 
3346	5 
3347	8 
3348	8 
3349	16 
3350	2 
3351	7 
3352	11 
3353	10 
3354	8 
3355	10 
3356	15 
3357	17 
3358	10 
3359	10 
3360	16 
3361	15 
3362	20 
3363	19 
3364	1 
3365	7 
3366	7 
3367	10 
3368	15 
3369	13 
3370	4 
3371	17 
3372	14 
3373	14 
3374	13 
3375	8 
3376	20 
3377	1 
3378	15 
3379	5 
3380	8 
3381	20 
3382	7 
3383	16 
3384	20 
3385	12 
3386	13 
3387	18 
3388	2 
3389	2 
3390	12 
3391	19 
3392	17 
3393	9 
3394	15 
3395	8 
3396	16 
3397	19 
3398	11 
3399	8 
3400	7 
3401	10 
3402	9 
3403	6 
3404	8 
3405	11 
3406	5 
3407	16 
3408	6 
3409	20 
3410	19 
3411	19 
3412	19 
3413	15 
3414	6 
3415	16 
3416	6 
3417	5 
3418	11 
3419	15 
3420	20 
3421	8 
3422	15 
3423	5 
3424	10 
3425	20 
3426	8 
3427	4 
3428	11 
3429	20 
3430	14 
3431	2 
3432	16 
3433	6 
3434	15 
3435	19 
3436	3 
3437	2 
3438	17 
3439	16 
3440	2 
3441	1 
3442	6 
3443	5 
3444	8 
3445	10 
3446	1 
3447	20 
3448	10 
3449	8 
3450	8 
3451	15 
3452	14 
3453	16 
3454	17 
3455	17 
3456	3 
3457	15 
3458	17 
3459	1 
3460	2 
3461	5 
3462	13 
3463	14 
3464	14 
3465	15 
3466	20 
3467	7 
3468	13 
3469	16 
3470	1 
3471	19 
3472	2 
3473	7 
3474	16 
3475	19 
3476	11 
3477	11 
3478	5 
3479	9 
3480	19 
3481	4 
3482	6 
3483	19 
3484	17 
3485	13 
3486	9 
3487	11 
3488	17 
3489	16 
3490	1 
3491	19 
3492	13 
3493	15 
3494	5 
3495	3 
3496	10 
3497	3 
3498	19 
3499	6 
3500	18 
3501	10 
3502	11 
3503	6 
3504	19 
3505	13 
3506	15 
3507	9 
3508	17 
3509	20 
3510	4 
3511	15 
3512	19 
3513	16 
3514	12 
3515	11 
3516	14 
3517	16 
3518	3 
3519	7 
3520	8 
3521	20 
3522	18 
3523	20 
3524	19 
3525	12 
3526	14 
3527	16 
3528	17 
3529	17 
3530	4 
3531	11 
3532	19 
3533	20 
3534	10 
3535	18 
3536	11 
3537	7 
3538	4 
3539	8 
3540	19 
3541	2 
3542	20 
3543	18 
3544	10 
3545	9 
3546	10 
3547	10 
3548	12 
3549	19 
3550	10 
3551	7 
3552	18 
3553	15 
3554	19 
3555	15 
3556	3 
3557	9 
3558	9 
3559	12 
3560	3 
3561	18 
3562	4 
3563	17 
3564	13 
3565	10 
3566	15 
3567	7 
3568	11 
3569	2 
3570	13 
3571	14 
3572	9 
3573	16 
3574	2 
3575	19 
3576	8 
3577	13 
3578	13 
3579	6 
3580	16 
3581	18 
3582	9 
3583	6 
3584	8 
3585	11 
3586	16 
3587	7 
3588	15 
3589	18 
3590	15 
3591	17 
3592	11 
3593	19 
3594	4 
3595	16 
3596	7 
3597	3 
3598	12 
3599	19 
3600	19 
3601	8 
3602	16 
3603	10 
3604	12 
3605	16 
3606	19 
3607	3 
3608	8 
3609	20 
3610	8 
3611	20 
3612	17 
3613	7 
3614	18 
3615	6 
3616	11 
3617	7 
3618	5 
3619	11 
3620	8 
3621	4 
3622	4 
3623	3 
3624	1 
3625	2 
3626	11 
3627	8 
3628	11 
3629	6 
3630	12 
3631	8 
3632	8 
3633	10 
3634	17 
3635	18 
3636	9 
3637	2 
3638	10 
3639	19 
3640	19 
3641	9 
3642	17 
3643	13 
3644	8 
3645	3 
3646	13 
3647	9 
3648	10 
3649	17 
3650	2 
3651	18 
3652	16 
3653	9 
3654	13 
3655	2 
3656	12 
3657	20 
3658	11 
3659	16 
3660	7 
3661	11 
3662	11 
3663	16 
3664	8 
3665	12 
3666	11 
3667	16 
3668	10 
3669	5 
3670	14 
3671	15 
3672	18 
3673	16 
3674	16 
3675	15 
3676	13 
3677	3 
3678	6 
3679	16 
3680	3 
3681	8 
3682	3 
3683	16 
3684	9 
3685	17 
3686	1 
3687	7 
3688	3 
3689	17 
3690	19 
3691	3 
3692	12 
3693	12 
3694	12 
3695	17 
3696	11 
3697	12 
3698	15 
3699	15 
3700	14 
3701	17 
3702	19 
3703	16 
3704	16 
3705	5 
3706	5 
3707	16 
3708	11 
3709	11 
3710	17 
3711	7 
3712	15 
3713	3 
3714	19 
3715	8 
3716	8 
3717	9 
3718	16 
3719	19 
3720	18 
3721	2 
3722	1 
3723	10 
3724	20 
3725	19 
3726	9 
3727	13 
3728	2 
3729	8 
3730	11 
3731	6 
3732	16 
3733	18 
3734	14 
3735	13 
3736	10 
3737	15 
3738	14 
3739	8 
3740	13 
3741	3 
3742	17 
3743	12 
3744	9 
3745	1 
3746	9 
3747	15 
3748	10 
3749	9 
3750	18 
3751	14 
3752	19 
3753	8 
3754	8 
3755	16 
3756	16 
3757	17 
3758	3 
3759	8 
3760	13 
3761	9 
3762	15 
3763	10 
3764	7 
3765	20 
3766	16 
3767	8 
3768	9 
3769	8 
3770	5 
3771	15 
3772	15 
3773	6 
3774	10 
3775	13 
3776	2 
3777	16 
3778	14 
3779	1 
3780	13 
3781	6 
3782	14 
3783	12 
3784	5 
3785	2 
3786	13 
3787	3 
3788	9 
3789	13 
3790	11 
3791	12 
3792	20 
3793	15 
3794	14 
3795	13 
3796	6 
3797	2 
3798	6 
3799	6 
3800	19 
3801	16 
3802	19 
3803	10 
3804	20 
3805	19 
3806	12 
3807	8 
3808	6 
3809	5 
3810	2 
3811	7 
3812	11 
3813	18 
3814	9 
3815	20 
3816	6 
3817	10 
3818	1 
3819	2 
3820	19 
3821	7 
3822	18 
3823	13 
3824	19 
3825	4 
3826	11 
3827	19 
3828	12 
3829	7 
3830	18 
3831	15 
3832	12 
3833	14 
3834	18 
3835	3 
3836	12 
3837	15 
3838	13 
3839	4 
3840	6 
3841	16 
3842	18 
3843	8 
3844	3 
3845	14 
3846	15 
3847	2 
3848	18 
3849	4 
3850	7 
3851	13 
3852	19 
3853	3 
3854	11 
3855	18 
3856	15 
3857	10 
3858	19 
3859	15 
3860	10 
3861	2 
3862	2 
3863	8 
3864	1 
3865	8 
3866	17 
3867	17 
3868	19 
3869	3 
3870	18 
3871	9 
3872	18 
3873	17 
3874	15 
3875	11 
3876	14 
3877	1 
3878	3 
3879	9 
3880	4 
3881	17 
3882	16 
3883	9 
3884	7 
3885	7 
3886	20 
3887	20 
3888	3 
3889	8 
3890	3 
3891	15 
3892	6 
3893	15 
3894	11 
3895	13 
3896	2 
3897	12 
3898	8 
3899	16 
3900	19 
3901	8 
3902	20 
3903	12 
3904	1 
3905	19 
3906	19 
3907	13 
3908	16 
3909	9 
3910	10 
3911	8 
3912	8 
3913	4 
3914	18 
3915	6 
3916	1 
3917	6 
3918	15 
3919	15 
3920	14 
3921	14 
3922	6 
3923	7 
3924	16 
3925	20 
3926	11 
3927	19 
3928	8 
3929	3 
3930	10 
3931	3 
3932	2 
3933	2 
3934	9 
3935	11 
3936	20 
3937	15 
3938	8 
3939	20 
3940	6 
3941	12 
3942	1 
3943	10 
3944	6 
3945	18 
3946	19 
3947	4 
3948	15 
3949	15 
3950	8 
3951	1 
3952	10 
3953	3 
3954	5 
3955	5 
3956	18 
3957	16 
3958	12 
3959	18 
3960	17 
3961	8 
3962	17 
3963	11 
3964	6 
3965	13 
3966	19 
3967	12 
3968	8 
3969	12 
3970	1 
3971	9 
3972	16 
3973	5 
3974	16 
3975	1 
3976	12 
3977	11 
3978	6 
3979	1 
3980	20 
3981	6 
3982	14 
3983	5 
3984	5 
3985	13 
3986	12 
3987	6 
3988	8 
3989	18 
3990	15 
3991	13 
3992	3 
3993	13 
3994	13 
3995	16 
3996	7 
3997	11 
3998	20 
3999	8 
4000	4 
4001	6 
4002	16 
4003	4 
4004	16 
4005	5 
4006	5 
4007	16 
4008	15 
4009	6 
4010	7 
4011	19 
4012	1 
4013	10 
4014	13 
4015	3 
4016	5 
4017	5 
4018	6 
4019	8 
4020	16 
4021	20 
4022	15 
4023	12 
4024	13 
4025	17 
4026	5 
4027	20 
4028	1 
4029	7 
4030	14 
4031	12 
4032	4 
4033	16 
4034	2 
4035	5 
4036	10 
4037	3 
4038	15 
4039	19 
4040	17 
4041	12 
4042	18 
4043	3 
4044	12 
4045	18 
4046	8 
4047	18 
4048	11 
4049	6 
4050	12 
4051	11 
4052	20 
4053	4 
4054	18 
4055	18 
4056	10 
4057	6 
4058	11 
4059	2 
4060	20 
4061	15 
4062	4 
4063	3 
4064	2 
4065	11 
4066	6 
4067	20 
4068	12 
4069	3 
4070	11 
4071	15 
4072	8 
4073	10 
4074	10 
4075	1 
4076	8 
4077	5 
4078	1 
4079	4 
4080	10 
4081	7 
4082	5 
4083	12 
4084	9 
4085	15 
4086	11 
4087	13 
4088	6 
4089	14 
4090	7 
4091	3 
4092	7 
4093	6 
4094	19 
4095	14 
4096	15 
4097	9 
4098	7 
4099	12 
4100	19 
4101	8 
4102	1 
4103	6 
4104	5 
4105	16 
4106	1 
4107	13 
4108	19 
4109	10 
4110	11 
4111	8 
4112	15 
4113	9 
4114	9 
4115	8 
4116	3 
4117	6 
4118	7 
4119	17 
4120	2 
4121	6 
4122	10 
4123	19 
4124	3 
4125	14 
4126	20 
4127	4 
4128	14 
4129	10 
4130	16 
4131	12 
4132	8 
4133	17 
4134	11 
4135	1 
4136	7 
4137	5 
4138	7 
4139	12 
4140	11 
4141	13 
4142	3 
4143	17 
4144	9 
4145	3 
4146	8 
4147	9 
4148	19 
4149	12 
4150	18 
4151	7 
4152	20 
4153	8 
4154	11 
4155	20 
4156	20 
4157	12 
4158	15 
4159	8 
4160	7 
4161	19 
4162	10 
4163	20 
4164	8 
4165	13 
4166	16 
4167	3 
4168	12 
4169	19 
4170	6 
4171	18 
4172	1 
4173	5 
4174	20 
4175	19 
4176	9 
4177	11 
4178	8 
4179	3 
4180	16 
4181	18 
4182	12 
4183	11 
4184	4 
4185	20 
4186	9 
4187	20 
4188	9 
4189	18 
4190	11 
4191	6 
4192	20 
4193	17 
4194	8 
4195	7 
4196	9 
4197	17 
4198	10 
4199	18 
4200	17 
4201	20 
4202	7 
4203	1 
4204	9 
4205	8 
4206	8 
4207	9 
4208	15 
4209	3 
4210	9 
4211	1 
4212	16 
4213	2 
4214	9 
4215	19 
4216	6 
4217	17 
4218	8 
4219	10 
4220	12 
4221	18 
4222	13 
4223	1 
4224	13 
4225	1 
4226	16 
4227	11 
4228	3 
4229	7 
4230	10 
4231	9 
4232	15 
4233	1 
4234	15 
4235	9 
4236	8 
4237	13 
4238	16 
4239	7 
4240	20 
4241	12 
4242	4 
4243	14 
4244	18 
4245	17 
4246	19 
4247	15 
4248	17 
4249	6 
4250	8 
4251	20 
4252	19 
4253	20 
4254	3 
4255	11 
4256	10 
4257	13 
4258	6 
4259	2 
4260	3 
4261	16 
4262	14 
4263	18 
4264	17 
4265	16 
4266	11 
4267	1 
4268	10 
4269	18 
4270	13 
4271	11 
4272	16 
4273	17 
4274	3 
4275	1 
4276	8 
4277	14 
4278	19 
4279	8 
4280	6 
4281	10 
4282	16 
4283	19 
4284	18 
4285	1 
4286	11 
4287	10 
4288	6 
4289	19 
4290	12 
4291	6 
4292	9 
4293	17 
4294	4 
4295	2 
4296	7 
4297	18 
4298	11 
4299	18 
4300	19 
4301	19 
4302	19 
4303	20 
4304	14 
4305	20 
4306	2 
4307	14 
4308	13 
4309	1 
4310	17 
4311	6 
4312	19 
4313	1 
4314	3 
4315	3 
4316	3 
4317	10 
4318	6 
4319	8 
4320	9 
4321	1 
4322	1 
4323	8 
4324	2 
4325	3 
4326	14 
4327	5 
4328	18 
4329	13 
4330	2 
4331	9 
4332	4 
4333	7 
4334	5 
4335	19 
4336	1 
4337	2 
4338	16 
4339	11 
4340	10 
4341	12 
4342	6 
4343	10 
4344	8 
4345	11 
4346	9 
4347	14 
4348	3 
4349	13 
4350	12 
4351	5 
4352	13 
4353	14 
4354	19 
4355	10 
4356	3 
4357	14 
4358	12 
4359	20 
4360	15 
4361	11 
4362	7 
4363	20 
4364	10 
4365	8 
4366	19 
4367	16 
4368	3 
4369	20 
4370	14 
4371	9 
4372	11 
4373	10 
4374	15 
4375	19 
4376	2 
4377	10 
4378	19 
4379	16 
4380	10 
4381	14 
4382	3 
4383	19 
4384	8 
4385	13 
4386	12 
4387	16 
4388	20 
4389	1 
4390	6 
4391	13 
4392	4 
4393	6 
4394	18 
4395	15 
4396	19 
4397	16 
4398	19 
4399	12 
4400	20 
4401	9 
4402	14 
4403	20 
4404	6 
4405	12 
4406	15 
4407	10 
4408	19 
4409	5 
4410	11 
4411	14 
4412	8 
4413	17 
4414	4 
4415	7 
4416	11 
4417	10 
4418	8 
4419	7 
4420	16 
4421	10 
4422	13 
4423	15 
4424	8 
4425	17 
4426	12 
4427	6 
4428	3 
4429	16 
4430	19 
4431	9 
4432	20 
4433	4 
4434	9 
4435	19 
4436	7 
4437	2 
4438	16 
4439	6 
4440	20 
4441	20 
4442	4 
4443	17 
4444	9 
4445	18 
4446	8 
4447	1 
4448	5 
4449	7 
4450	19 
4451	19 
4452	17 
4453	1 
4454	16 
4455	13 
4456	4 
4457	2 
4458	8 
4459	10 
4460	6 
4461	18 
4462	17 
4463	9 
4464	3 
4465	9 
4466	1 
4467	19 
4468	12 
4469	9 
4470	9 
4471	4 
4472	19 
4473	16 
4474	11 
4475	19 
4476	10 
4477	6 
4478	20 
4479	1 
4480	8 
4481	8 
4482	8 
4483	9 
4484	4 
4485	12 
4486	16 
4487	13 
4488	8 
4489	16 
4490	14 
4491	12 
4492	20 
4493	19 
4494	17 
4495	14 
4496	8 
4497	2 
4498	7 
4499	7 
4500	3 
4501	5 
4502	8 
4503	9 
4504	20 
4505	5 
4506	10 
4507	4 
4508	15 
4509	10 
4510	10 
4511	4 
4512	7 
4513	10 
4514	3 
4515	5 
4516	16 
4517	9 
4518	5 
4519	5 
4520	12 
4521	3 
4522	13 
4523	5 
4524	2 
4525	10 
4526	6 
4527	8 
4528	19 
4529	2 
4530	13 
4531	3 
4532	7 
4533	2 
4534	16 
4535	6 
4536	5 
4537	6 
4538	13 
4539	12 
4540	6 
4541	15 
4542	15 
4543	18 
4544	8 
4545	10 
4546	2 
4547	14 
4548	15 
4549	12 
4550	1 
4551	4 
4552	15 
4553	10 
4554	19 
4555	8 
4556	6 
4557	17 
4558	11 
4559	15 
4560	8 
4561	16 
4562	4 
4563	12 
4564	7 
4565	19 
4566	14 
4567	13 
4568	12 
4569	16 
4570	19 
4571	5 
4572	8 
4573	15 
4574	10 
4575	12 
4576	2 
4577	7 
4578	20 
4579	18 
4580	19 
4581	20 
4582	19 
4583	16 
4584	8 
4585	3 
4586	12 
4587	3 
4588	20 
4589	2 
4590	16 
4591	4 
4592	14 
4593	11 
4594	3 
4595	13 
4596	13 
4597	10 
4598	19 
4599	10 
4600	8 
4601	18 
4602	8 
4603	16 
4604	9 
4605	11 
4606	19 
4607	3 
4608	12 
4609	18 
4610	17 
4611	5 
4612	18 
4613	1 
4614	8 
4615	9 
4616	7 
4617	1 
4618	3 
4619	11 
4620	18 
4621	2 
4622	10 
4623	6 
4624	6 
4625	9 
4626	20 
4627	6 
4628	2 
4629	6 
4630	8 
4631	5 
4632	20 
4633	8 
4634	20 
4635	8 
4636	2 
4637	2 
4638	4 
4639	20 
4640	7 
4641	1 
4642	3 
4643	5 
4644	3 
4645	14 
4646	9 
4647	9 
4648	15 
4649	20 
4650	14 
4651	12 
4652	20 
4653	2 
4654	13 
4655	10 
4656	10 
4657	9 
4658	1 
4659	12 
4660	6 
4661	2 
4662	4 
4663	3 
4664	20 
4665	15 
4666	15 
4667	10 
4668	1 
4669	16 
4670	17 
4671	16 
4672	19 
4673	14 
4674	14 
4675	17 
4676	19 
4677	10 
4678	6 
4679	7 
4680	3 
4681	19 
4682	18 
4683	14 
4684	6 
4685	19 
4686	11 
4687	8 
4688	12 
4689	16 
4690	9 
4691	3 
4692	15 
4693	8 
4694	12 
4695	15 
4696	9 
4697	8 
4698	9 
4699	14 
4700	17 
4701	10 
4702	11 
4703	12 
4704	4 
4705	20 
4706	8 
4707	18 
4708	11 
4709	14 
4710	10 
4711	19 
4712	11 
4713	1 
4714	8 
4715	19 
4716	1 
4717	6 
4718	15 
4719	8 
4720	10 
4721	10 
4722	8 
4723	18 
4724	17 
4725	20 
4726	9 
4727	5 
4728	14 
4729	7 
4730	18 
4731	5 
4732	2 
4733	16 
4734	7 
4735	7 
4736	12 
4737	16 
4738	20 
4739	8 
4740	17 
4741	1 
4742	8 
4743	18 
4744	1 
4745	20 
4746	18 
4747	18 
4748	20 
4749	19 
4750	10 
4751	15 
4752	11 
4753	15 
4754	3 
4755	11 
4756	5 
4757	9 
4758	20 
4759	8 
4760	7 
4761	8 
4762	16 
4763	20 
4764	4 
4765	19 
4766	9 
4767	20 
4768	12 
4769	16 
4770	18 
4771	6 
4772	11 
4773	5 
4774	20 
4775	19 
4776	16 
4777	13 
4778	8 
4779	9 
4780	16 
4781	2 
4782	8 
4783	3 
4784	19 
4785	12 
4786	15 
4787	17 
4788	19 
4789	11 
4790	5 
4791	10 
4792	18 
4793	1 
4794	10 
4795	20 
4796	13 
4797	8 
4798	11 
4799	13 
4800	20 
4801	18 
4802	20 
4803	19 
4804	10 
4805	13 
4806	19 
4807	16 
4808	8 
4809	15 
4810	15 
4811	20 
4812	5 
4813	14 
4814	6 
4815	11 
4816	6 
4817	19 
4818	4 
4819	1 
4820	9 
4821	19 
4822	20 
4823	5 
4824	12 
4825	19 
4826	15 
4827	19 
4828	10 
4829	7 
4830	20 
4831	6 
4832	18 
4833	6 
4834	1 
4835	8 
4836	10 
4837	9 
4838	8 
4839	19 
4840	10 
4841	4 
4842	1 
4843	1 
4844	3 
4845	11 
4846	5 
4847	11 
4848	8 
4849	8 
4850	6 
4851	10 
4852	16 
4853	11 
4854	5 
4855	3 
4856	14 
4857	1 
4858	5 
4859	6 
4860	6 
4861	10 
4862	7 
4863	3 
4864	13 
4865	11 
4866	2 
4867	3 
4868	3 
4869	10 
4870	20 
4871	6 
4872	11 
4873	20 
4874	17 
4875	13 
4876	11 
4877	3 
4878	14 
4879	10 
4880	5 
4881	1 
4882	8 
4883	14 
4884	3 
4885	10 
4886	1 
4887	4 
4888	3 
4889	4 
4890	15 
4891	6 
4892	6 
4893	3 
4894	6 
4895	17 
4896	13 
4897	12 
4898	15 
4899	10 
4900	6 
4901	7 
4902	12 
4903	3 
4904	10 
4905	14 
4906	16 
4907	15 
4908	3 
4909	13 
4910	20 
4911	16 
4912	8 
4913	6 
4914	4 
4915	14 
4916	16 
4917	7 
4918	19 
4919	18 
4920	17 
4921	7 
4922	11 
4923	10 
4924	12 
4925	6 
4926	13 
4927	5 
4928	15 
4929	7 
4930	10 
4931	19 
4932	12 
4933	13 
4934	12 
4935	3 
4936	15 
4937	3 
4938	13 
4939	2 
4940	2 
4941	15 
4942	10 
4943	5 
4944	19 
4945	16 
4946	6 
4947	9 
4948	12 
4949	17 
4950	15 
4951	15 
4952	9 
4953	10 
4954	3 
4955	8 
4956	15 
4957	14 
4958	6 
4959	11 
4960	14 
4961	13 
4962	8 
4963	17 
4964	3 
4965	13 
4966	16 
4967	7 
4968	14 
4969	15 
4970	14 
4971	19 
4972	4 
4973	5 
4974	6 
4975	10 
4976	11 
4977	12 
4978	12 
4979	11 
4980	14 
4981	6 
4982	10 
4983	16 
4984	6 
4985	5 
4986	16 
4987	10 
4988	7 
4989	5 
4990	6 
4991	20 
4992	20 
4993	16 
4994	10 
4995	15 
4996	15 
4997	6 
4998	12 
4999	3 
5000	15 
5001	15 
5002	13 
5003	6 
5004	16 
5005	6 
5006	17 
5007	15 
5008	13 
5009	11 
5010	17 
5011	8 
5012	16 
5013	18 
5014	9 
5015	13 
5016	14 
5017	5 
5018	8 
5019	3 
5020	20 
5021	5 
5022	2 
5023	20 
5024	15 
5025	20 
5026	2 
5027	8 
5028	20 
5029	9 
5030	8 
5031	20 
5032	5 
5033	3 
5034	3 
5035	19 
5036	4 
5037	5 
5038	10 
5039	3 
5040	10 
5041	13 
5042	4 
5043	8 
5044	19 
5045	20 
5046	11 
5047	3 
5048	6 
5049	9 
5050	15 
5051	11 
5052	8 
5053	5 
5054	8 
5055	5 
5056	11 
5057	3 
5058	11 
5059	20 
5060	16 
5061	4 
5062	19 
5063	18 
5064	3 
5065	19 
5066	8 
5067	17 
5068	13 
5069	19 
5070	6 
5071	10 
5072	17 
5073	13 
5074	14 
5075	1 
5076	12 
5077	8 
5078	2 
5079	20 
5080	9 
5081	10 
5082	7 
5083	20 
5084	12 
5085	3 
5086	4 
5087	1 
5088	9 
5089	2 
5090	17 
5091	5 
5092	20 
5093	1 
5094	15 
5095	3 
5096	19 
5097	2 
5098	17 
5099	3 
5100	13 
5101	15 
5102	4 
5103	6 
5104	2 
5105	10 
5106	20 
5107	19 
5108	11 
5109	18 
5110	17 
5111	9 
5112	10 
5113	15 
5114	5 
5115	15 
5116	4 
5117	16 
5118	14 
5119	8 
5120	7 
5121	7 
5122	9 
5123	11 
5124	9 
5125	16 
5126	16 
5127	6 
5128	11 
5129	7 
5130	6 
5131	6 
5132	9 
5133	9 
5134	20 
5135	14 
5136	5 
5137	19 
5138	2 
5139	20 
5140	10 
5141	3 
5142	14 
5143	3 
5144	15 
5145	19 
5146	8 
5147	9 
5148	8 
5149	11 
5150	3 
5151	10 
5152	20 
5153	20 
5154	6 
5155	3 
5156	19 
5157	20 
5158	11 
5159	12 
5160	14 
5161	7 
5162	10 
5163	17 
5164	15 
5165	5 
5166	7 
5167	1 
5168	18 
5169	6 
5170	15 
5171	4 
5172	11 
5173	5 
5174	17 
5175	9 
5176	19 
5177	1 
5178	17 
5179	13 
5180	3 
5181	20 
5182	15 
5183	12 
5184	4 
5185	5 
5186	19 
5187	19 
5188	16 
5189	3 
5190	2 
5191	12 
5192	8 
5193	19 
5194	10 
5195	10 
5196	8 
5197	4 
5198	10 
5199	5 
5200	16 
5201	13 
5202	2 
5203	18 
5204	16 
5205	14 
5206	11 
5207	9 
5208	13 
5209	8 
5210	15 
5211	8 
5212	4 
5213	16 
5214	16 
5215	14 
5216	3 
5217	11 
5218	3 
5219	19 
5220	6 
5221	3 
5222	10 
5223	19 
5224	9 
5225	8 
5226	20 
5227	12 
5228	12 
5229	5 
5230	12 
5231	7 
5232	11 
5233	9 
5234	17 
5235	19 
5236	6 
5237	5 
5238	3 
5239	2 
5240	10 
5241	10 
5242	8 
5243	13 
5244	20 
5245	19 
5246	16 
5247	10 
5248	10 
5249	18 
5250	14 
5251	20 
5252	15 
5253	11 
5254	16 
5255	6 
5256	11 
5257	1 
5258	8 
5259	7 
5260	10 
5261	12 
5262	9 
5263	15 
5264	20 
5265	13 
5266	18 
5267	13 
5268	8 
5269	1 
5270	15 
5271	8 
5272	19 
5273	1 
5274	18 
5275	12 
5276	17 
5277	1 
5278	10 
5279	7 
5280	19 
5281	16 
5282	5 
5283	16 
5284	7 
5285	8 
5286	10 
5287	6 
5288	2 
5289	10 
5290	9 
5291	16 
5292	6 
5293	14 
5294	16 
5295	20 
5296	14 
5297	4 
5298	18 
5299	20 
5300	16 
5301	9 
5302	8 
5303	16 
5304	13 
5305	6 
5306	20 
5307	16 
5308	17 
5309	17 
5310	19 
5311	2 
5312	2 
5313	2 
5314	18 
5315	2 
5316	5 
5317	15 
5318	5 
5319	10 
5320	10 
5321	18 
5322	20 
5323	17 
5324	20 
5325	18 
5326	16 
5327	17 
5328	19 
5329	11 
5330	10 
5331	6 
5332	16 
5333	19 
5334	20 
5335	11 
5336	7 
5337	12 
5338	20 
5339	12 
5340	19 
5341	8 
5342	14 
5343	11 
5344	2 
5345	13 
5346	16 
5347	17 
5348	13 
5349	13 
5350	19 
5351	7 
5352	16 
5353	7 
5354	19 
5355	8 
5356	20 
5357	19 
5358	14 
5359	7 
5360	14 
5361	20 
5362	3 
5363	6 
5364	12 
5365	10 
5366	15 
5367	14 
5368	14 
5369	12 
5370	11 
5371	9 
5372	20 
5373	3 
5374	3 
5375	12 
5376	20 
5377	10 
5378	9 
5379	9 
5380	4 
5381	15 
5382	16 
5383	9 
5384	11 
5385	1 
5386	18 
5387	17 
5388	17 
5389	14 
5390	13 
5391	8 
5392	13 
5393	7 
5394	16 
5395	5 
5396	6 
5397	19 
5398	9 
5399	20 
5400	9 
5401	6 
5402	5 
5403	10 
5404	16 
5405	15 
5406	3 
5407	7 
5408	2 
5409	16 
5410	19 
5411	12 
5412	19 
5413	5 
5414	12 
5415	9 
5416	9 
5417	1 
5418	5 
5419	10 
5420	3 
5421	9 
5422	18 
5423	18 
5424	15 
5425	12 
5426	16 
5427	3 
5428	20 
5429	14 
5430	16 
5431	6 
5432	17 
5433	14 
5434	12 
5435	15 
5436	11 
5437	10 
5438	6 
5439	20 
5440	6 
5441	15 
5442	10 
5443	13 
5444	6 
5445	6 
5446	5 
5447	6 
5448	9 
5449	10 
5450	15 
5451	1 
5452	5 
5453	13 
5454	6 
5455	11 
5456	4 
5457	11 
5458	17 
5459	5 
5460	8 
5461	17 
5462	10 
5463	17 
5464	9 
5465	14 
5466	17 
5467	19 
5468	8 
5469	10 
5470	11 
5471	7 
5472	11 
5473	15 
5474	9 
5475	7 
5476	20 
5477	16 
5478	7 
5479	16 
5480	17 
5481	5 
5482	20 
5483	2 
5484	14 
5485	1 
5486	15 
5487	13 
5488	8 
5489	19 
5490	3 
5491	4 
5492	3 
5493	20 
5494	11 
5495	2 
5496	12 
5497	10 
5498	1 
5499	19 
5500	17 
5501	5 
5502	6 
5503	11 
5504	8 
5505	9 
5506	4 
5507	9 
5508	15 
5509	5 
5510	16 
5511	8 
5512	10 
5513	2 
5514	7 
5515	19 
5516	15 
5517	16 
5518	10 
5519	8 
5520	5 
5521	12 
5522	3 
5523	17 
5524	10 
5525	13 
5526	8 
5527	12 
5528	20 
5529	6 
5530	5 
5531	13 
5532	8 
5533	15 
5534	2 
5535	9 
5536	18 
5537	2 
5538	15 
5539	16 
5540	1 
5541	16 
5542	6 
5543	6 
5544	13 
5545	2 
5546	17 
5547	9 
5548	1 
5549	8 
5550	7 
5551	5 
5552	1 
5553	13 
5554	14 
5555	8 
5556	14 
5557	3 
5558	7 
5559	10 
5560	14 
5561	3 
5562	16 
5563	13 
5564	16 
5565	6 
5566	15 
5567	7 
5568	15 
5569	14 
5570	19 
5571	8 
5572	11 
5573	12 
5574	19 
5575	13 
5576	8 
5577	16 
5578	13 
5579	12 
5580	5 
5581	10 
5582	15 
5583	12 
5584	10 
5585	7 
5586	19 
5587	16 
5588	14 
5589	10 
5590	20 
5591	1 
5592	12 
5593	7 
5594	6 
5595	15 
5596	9 
5597	5 
5598	9 
5599	11 
5600	11 
5601	18 
5602	4 
5603	20 
5604	14 
5605	3 
5606	13 
5607	14 
5608	16 
5609	6 
5610	19 
5611	10 
5612	4 
5613	16 
5614	13 
5615	14 
5616	9 
5617	5 
5618	1 
5619	2 
5620	10 
5621	11 
5622	14 
5623	11 
5624	16 
5625	8 
5626	5 
5627	4 
5628	19 
5629	3 
5630	15 
5631	15 
5632	2 
5633	12 
5634	15 
5635	6 
5636	16 
5637	7 
5638	19 
5639	16 
5640	7 
5641	11 
5642	2 
5643	10 
5644	3 
5645	16 
5646	18 
5647	11 
5648	9 
5649	5 
5650	15 
5651	10 
5652	10 
5653	5 
5654	8 
5655	10 
5656	19 
5657	10 
5658	16 
5659	13 
5660	8 
5661	3 
5662	9 
5663	5 
5664	7 
5665	9 
5666	19 
5667	8 
5668	9 
5669	17 
5670	6 
5671	16 
5672	15 
5673	13 
5674	16 
5675	11 
5676	12 
5677	10 
5678	6 
5679	4 
5680	19 
5681	14 
5682	3 
5683	16 
5684	13 
5685	6 
5686	13 
5687	8 
5688	10 
5689	18 
5690	18 
5691	13 
5692	5 
5693	16 
5694	10 
5695	11 
5696	6 
5697	18 
5698	16 
5699	16 
5700	13 
5701	2 
5702	18 
5703	15 
5704	13 
5705	5 
5706	13 
5707	2 
5708	9 
5709	8 
5710	5 
5711	10 
5712	19 
5713	10 
5714	19 
5715	10 
5716	19 
5717	11 
5718	9 
5719	14 
5720	20 
5721	11 
5722	12 
5723	14 
5724	19 
5725	20 
5726	10 
5727	16 
5728	8 
5729	2 
5730	9 
5731	15 
5732	19 
5733	19 
5734	20 
5735	1 
5736	8 
5737	19 
5738	17 
5739	1 
5740	13 
5741	19 
5742	12 
5743	5 
5744	20 
5745	20 
5746	8 
5747	10 
5748	8 
5749	7 
5750	19 
5751	19 
5752	2 
5753	4 
5754	12 
5755	12 
5756	16 
5757	15 
5758	10 
5759	14 
5760	18 
5761	3 
5762	8 
5763	17 
5764	3 
5765	20 
5766	20 
5767	11 
5768	16 
5769	18 
5770	13 
5771	3 
5772	3 
5773	1 
5774	4 
5775	10 
5776	2 
5777	14 
5778	13 
5779	11 
5780	17 
5781	8 
5782	20 
5783	18 
5784	17 
5785	16 
5786	5 
5787	20 
5788	19 
5789	16 
5790	20 
5791	5 
5792	8 
5793	15 
5794	14 
5795	15 
5796	10 
5797	1 
5798	4 
5799	1 
5800	2 
5801	5 
5802	5 
5803	19 
5804	10 
5805	9 
5806	19 
5807	19 
5808	11 
5809	11 
5810	20 
5811	17 
5812	10 
5813	5 
5814	12 
5815	17 
5816	19 
5817	2 
5818	10 
5819	8 
5820	6 
5821	7 
5822	16 
5823	13 
5824	19 
5825	8 
5826	18 
5827	17 
5828	10 
5829	14 
5830	16 
5831	7 
5832	13 
5833	14 
5834	8 
5835	3 
5836	8 
5837	16 
5838	12 
5839	15 
5840	5 
5841	13 
5842	5 
5843	1 
5844	12 
5845	4 
5846	2 
5847	7 
5848	6 
5849	20 
5850	14 
5851	9 
5852	7 
5853	20 
5854	11 
5855	5 
5856	16 
5857	1 
5858	2 
5859	9 
5860	6 
5861	2 
5862	11 
5863	15 
5864	10 
5865	10 
5866	16 
5867	10 
5868	10 
5869	11 
5870	11 
5871	11 
5872	19 
5873	20 
5874	8 
5875	14 
5876	17 
5877	8 
5878	4 
5879	19 
5880	4 
5881	17 
5882	16 
5883	8 
5884	20 
5885	16 
5886	12 
5887	17 
5888	8 
5889	16 
5890	19 
5891	3 
5892	19 
5893	18 
5894	8 
5895	12 
5896	12 
5897	4 
5898	2 
5899	14 
5900	10 
5901	10 
5902	18 
5903	19 
5904	9 
5905	19 
5906	19 
5907	5 
5908	14 
5909	8 
5910	5 
5911	8 
5912	15 
5913	4 
5914	16 
5915	9 
5916	20 
5917	11 
5918	11 
5919	16 
5920	10 
5921	12 
5922	7 
5923	17 
5924	12 
5925	8 
5926	5 
5927	8 
5928	11 
5929	15 
5930	8 
5931	8 
5932	10 
5933	3 
5934	15 
5935	6 
5936	16 
5937	4 
5938	10 
5939	2 
5940	8 
5941	19 
5942	12 
5943	5 
5944	3 
5945	8 
5946	4 
5947	14 
5948	18 
5949	15 
5950	14 
5951	14 
5952	17 
5953	10 
5954	18 
5955	16 
5956	5 
5957	15 
5958	7 
5959	19 
5960	6 
5961	4 
5962	19 
5963	14 
5964	11 
5965	16 
5966	16 
5967	11 
5968	15 
5969	12 
5970	2 
5971	3 
5972	15 
5973	17 
5974	12 
5975	9 
5976	8 
5977	2 
5978	3 
5979	9 
5980	9 
5981	15 
5982	6 
5983	16 
5984	16 
5985	5 
5986	15 
5987	11 
5988	18 
5989	14 
5990	11 
5991	15 
5992	4 
5993	1 
5994	20 
5995	14 
5996	20 
5997	15 
5998	19 
5999	9 
6000	2 
6001	3 
6002	1 
6003	3 
6004	4 
6005	8 
6006	19 
6007	9 
6008	13 
6009	5 
6010	8 
6011	15 
6012	9 
6013	4 
6014	7 
6015	8 
6016	14 
6017	11 
6018	12 
6019	5 
6020	19 
6021	1 
6022	3 
6023	8 
6024	20 
6025	9 
6026	6 
6027	11 
6028	5 
6029	10 
6030	15 
6031	17 
6032	6 
6033	15 
6034	8 
6035	17 
6036	4 
6037	16 
6038	15 
6039	9 
6040	18 
6041	6 
6042	4 
6043	7 
6044	19 
6045	20 
6046	8 
6047	10 
6048	2 
6049	16 
6050	16 
6051	9 
6052	8 
6053	11 
6054	5 
6055	11 
6056	10 
6057	5 
6058	6 
6059	15 
6060	14 
6061	13 
6062	8 
6063	19 
6064	12 
6065	6 
6066	17 
6067	11 
6068	9 
6069	12 
6070	7 
6071	19 
6072	10 
6073	16 
6074	15 
6075	14 
6076	4 
6077	7 
6078	19 
6079	19 
6080	1 
6081	20 
6082	10 
6083	11 
6084	20 
6085	19 
6086	12 
6087	13 
6088	8 
6089	20 
6090	1 
6091	7 
6092	18 
6093	20 
6094	15 
6095	19 
6096	6 
6097	18 
6098	15 
6099	16 
6100	10 
6101	9 
6102	13 
6103	13 
6104	3 
6105	14 
6106	19 
6107	20 
6108	7 
6109	11 
6110	13 
6111	2 
6112	10 
6113	18 
6114	4 
6115	2 
6116	1 
6117	16 
6118	16 
6119	16 
6120	1 
6121	14 
6122	8 
6123	13 
6124	6 
6125	1 
6126	8 
6127	3 
6128	4 
6129	14 
6130	17 
6131	6 
6132	6 
6133	6 
6134	8 
6135	10 
6136	5 
6137	14 
6138	14 
6139	9 
6140	11 
6141	17 
6142	3 
6143	3 
6144	6 
6145	8 
6146	15 
6147	4 
6148	12 
6149	16 
6150	16 
6151	16 
6152	4 
6153	10 
6154	16 
6155	9 
6156	4 
6157	19 
6158	13 
6159	20 
6160	11 
6161	1 
6162	8 
6163	12 
6164	16 
6165	14 
6166	11 
6167	13 
6168	9 
6169	12 
6170	10 
6171	11 
6172	8 
6173	20 
6174	17 
6175	20 
6176	19 
6177	7 
6178	20 
6179	8 
6180	4 
6181	14 
6182	8 
6183	7 
6184	20 
6185	6 
6186	8 
6187	12 
6188	17 
6189	18 
6190	17 
6191	9 
6192	12 
6193	10 
6194	11 
6195	15 
6196	3 
6197	5 
6198	8 
6199	13 
6200	18 
6201	16 
6202	15 
6203	9 
6204	15 
6205	18 
6206	6 
6207	7 
6208	10 
6209	14 
6210	20 
6211	14 
6212	12 
6213	12 
6214	2 
6215	8 
6216	19 
6217	7 
6218	12 
6219	1 
6220	17 
6221	19 
6222	3 
6223	9 
6224	17 
6225	12 
6226	4 
6227	11 
6228	2 
6229	3 
6230	9 
6231	7 
6232	20 
6233	6 
6234	17 
6235	9 
6236	20 
6237	5 
6238	1 
6239	9 
6240	8 
6241	8 
6242	4 
6243	18 
6244	15 
6245	4 
6246	6 
6247	13 
6248	10 
6249	19 
6250	14 
6251	3 
6252	5 
6253	14 
6254	10 
6255	20 
6256	11 
6257	8 
6258	3 
6259	16 
6260	6 
6261	10 
6262	8 
6263	10 
6264	17 
6265	16 
6266	20 
6267	19 
6268	8 
6269	20 
6270	7 
6271	15 
6272	4 
6273	13 
6274	3 
6275	16 
6276	14 
6277	13 
6278	12 
6279	15 
6280	7 
6281	9 
6282	15 
6283	3 
6284	9 
6285	11 
6286	8 
6287	14 
6288	15 
6289	2 
6290	4 
6291	12 
6292	4 
6293	7 
6294	6 
6295	18 
6296	7 
6297	8 
6298	17 
6299	19 
6300	6 
6301	16 
6302	19 
6303	13 
6304	11 
6305	16 
6306	17 
6307	11 
6308	9 
6309	19 
6310	1 
6311	8 
6312	6 
6313	15 
6314	16 
6315	11 
6316	10 
6317	15 
6318	15 
6319	14 
6320	6 
6321	9 
6322	20 
6323	19 
6324	12 
6325	12 
6326	16 
6327	16 
6328	18 
6329	13 
6330	19 
6331	20 
6332	17 
6333	11 
6334	8 
6335	20 
6336	4 
6337	19 
6338	8 
6339	7 
6340	1 
6341	2 
6342	17 
6343	3 
6344	7 
6345	12 
6346	18 
6347	15 
6348	19 
6349	12 
6350	4 
6351	7 
6352	7 
6353	16 
6354	7 
6355	14 
6356	13 
6357	10 
6358	10 
6359	17 
6360	18 
6361	16 
6362	3 
6363	11 
6364	19 
6365	11 
6366	5 
6367	9 
6368	10 
6369	9 
6370	7 
6371	10 
6372	13 
6373	8 
6374	13 
6375	13 
6376	3 
6377	16 
6378	10 
6379	11 
6380	14 
6381	13 
6382	15 
6383	9 
6384	14 
6385	6 
6386	2 
6387	6 
6388	9 
6389	19 
6390	16 
6391	15 
6392	19 
6393	16 
6394	5 
6395	14 
6396	19 
6397	10 
6398	6 
6399	17 
6400	2 
6401	3 
6402	10 
6403	19 
6404	14 
6405	6 
6406	10 
6407	12 
6408	12 
6409	3 
6410	9 
6411	2 
6412	11 
6413	10 
6414	5 
6415	5 
6416	14 
6417	15 
6418	8 
6419	14 
6420	19 
6421	3 
6422	19 
6423	17 
6424	2 
6425	14 
6426	18 
6427	5 
6428	16 
6429	8 
6430	16 
6431	5 
6432	4 
6433	14 
6434	19 
6435	14 
6436	10 
6437	14 
6438	4 
6439	1 
6440	1 
6441	15 
6442	5 
6443	10 
6444	8 
6445	5 
6446	13 
6447	1 
6448	15 
6449	4 
6450	1 
6451	14 
6452	7 
6453	6 
6454	9 
6455	15 
6456	17 
6457	17 
6458	1 
6459	20 
6460	20 
6461	20 
6462	10 
6463	17 
6464	12 
6465	11 
6466	12 
6467	15 
6468	19 
6469	16 
6470	17 
6471	1 
6472	11 
6473	12 
6474	20 
6475	10 
6476	14 
6477	13 
6478	10 
6479	13 
6480	8 
6481	11 
6482	16 
6483	11 
6484	13 
6485	8 
6486	16 
6487	16 
6488	20 
6489	17 
6490	18 
6491	6 
6492	4 
6493	15 
6494	5 
6495	16 
6496	10 
6497	7 
6498	20 
6499	18 
6500	11 
6501	15 
6502	14 
6503	4 
6504	4 
6505	3 
6506	14 
6507	10 
6508	3 
6509	1 
6510	5 
6511	9 
6512	12 
6513	11 
6514	19 
6515	7 
6516	19 
6517	14 
6518	2 
6519	11 
6520	20 
6521	18 
6522	11 
6523	13 
6524	16 
6525	1 
6526	10 
6527	11 
6528	17 
6529	11 
6530	17 
6531	8 
6532	2 
6533	10 
6534	9 
6535	18 
6536	10 
6537	20 
6538	14 
6539	1 
6540	8 
6541	18 
6542	15 
6543	18 
6544	19 
6545	8 
6546	9 
6547	13 
6548	17 
6549	12 
6550	3 
6551	8 
6552	18 
6553	5 
6554	14 
6555	3 
6556	9 
6557	17 
6558	19 
6559	3 
6560	4 
6561	3 
6562	16 
6563	13 
6564	19 
6565	16 
6566	12 
6567	12 
6568	19 
6569	14 
6570	4 
6571	7 
6572	8 
6573	16 
6574	16 
6575	11 
6576	20 
6577	20 
6578	19 
6579	15 
6580	17 
6581	14 
6582	16 
6583	3 
6584	19 
6585	6 
6586	5 
6587	16 
6588	14 
6589	11 
6590	3 
6591	8 
6592	19 
6593	7 
6594	4 
6595	20 
6596	9 
6597	6 
6598	18 
6599	13 
6600	9 
6601	17 
6602	15 
6603	12 
6604	19 
6605	2 
6606	4 
6607	10 
6608	14 
6609	19 
6610	11 
6611	9 
6612	4 
6613	14 
6614	12 
6615	3 
6616	3 
6617	7 
6618	16 
6619	14 
6620	14 
6621	9 
6622	11 
6623	3 
6624	1 
6625	16 
6626	15 
6627	2 
6628	15 
6629	12 
6630	7 
6631	8 
6632	6 
6633	3 
6634	13 
6635	17 
6636	8 
6637	15 
6638	20 
6639	10 
6640	10 
6641	8 
6642	5 
6643	13 
6644	2 
6645	11 
6646	10 
6647	16 
6648	15 
6649	17 
6650	19 
6651	20 
6652	12 
6653	3 
6654	16 
6655	9 
6656	2 
6657	11 
6658	6 
6659	20 
6660	6 
6661	17 
6662	20 
6663	15 
6664	10 
6665	11 
6666	6 
6667	4 
6668	8 
6669	11 
6670	3 
6671	3 
6672	17 
6673	4 
6674	4 
6675	10 
6676	3 
6677	2 
6678	15 
6679	4 
6680	5 
6681	11 
6682	12 
6683	3 
6684	2 
6685	3 
6686	15 
6687	17 
6688	14 
6689	7 
6690	8 
6691	17 
6692	12 
6693	9 
6694	12 
6695	13 
6696	8 
6697	9 
6698	11 
6699	15 
6700	12 
6701	4 
6702	20 
6703	18 
6704	12 
6705	19 
6706	7 
6707	2 
6708	17 
6709	12 
6710	6 
6711	12 
6712	4 
6713	10 
6714	19 
6715	20 
6716	9 
6717	20 
6718	10 
6719	20 
6720	11 
6721	15 
6722	16 
6723	10 
6724	11 
6725	17 
6726	15 
6727	19 
6728	13 
6729	4 
6730	16 
6731	20 
6732	8 
6733	5 
6734	14 
6735	3 
6736	12 
6737	17 
6738	19 
6739	15 
6740	6 
6741	4 
6742	17 
6743	10 
6744	20 
6745	4 
6746	13 
6747	17 
6748	5 
6749	16 
6750	11 
6751	17 
6752	17 
6753	16 
6754	13 
6755	20 
6756	4 
6757	19 
6758	13 
6759	5 
6760	16 
6761	12 
6762	9 
6763	6 
6764	20 
6765	10 
6766	6 
6767	11 
6768	18 
6769	18 
6770	7 
6771	13 
6772	16 
6773	12 
6774	3 
6775	14 
6776	1 
6777	9 
6778	6 
6779	20 
6780	9 
6781	9 
6782	9 
6783	8 
6784	19 
6785	9 
6786	3 
6787	19 
6788	5 
6789	10 
6790	10 
6791	2 
6792	11 
6793	3 
6794	20 
6795	12 
6796	13 
6797	6 
6798	13 
6799	10 
6800	19 
6801	11 
6802	12 
6803	16 
6804	19 
6805	5 
6806	8 
6807	12 
6808	5 
6809	13 
6810	8 
6811	16 
6812	1 
6813	19 
6814	11 
6815	19 
6816	12 
6817	8 
6818	19 
6819	20 
6820	5 
6821	15 
6822	6 
6823	11 
6824	1 
6825	9 
6826	19 
6827	7 
6828	10 
6829	2 
6830	6 
6831	2 
6832	15 
6833	19 
6834	18 
6835	16 
6836	12 
6837	6 
6838	16 
6839	6 
6840	13 
6841	4 
6842	16 
6843	8 
6844	12 
6845	15 
6846	20 
6847	14 
6848	20 
6849	10 
6850	9 
6851	2 
6852	14 
6853	4 
6854	3 
6855	2 
6856	5 
6857	3 
6858	9 
6859	13 
6860	7 
6861	18 
6862	8 
6863	10 
6864	9 
6865	1 
6866	11 
6867	17 
6868	20 
6869	19 
6870	16 
6871	11 
6872	18 
6873	13 
6874	12 
6875	20 
6876	16 
6877	6 
6878	19 
6879	19 
6880	14 
6881	8 
6882	15 
6883	20 
6884	1 
6885	18 
6886	13 
6887	7 
6888	10 
6889	6 
6890	9 
6891	13 
6892	9 
6893	7 
6894	16 
6895	6 
6896	10 
6897	9 
6898	17 
6899	8 
6900	8 
6901	18 
6902	18 
6903	12 
6904	10 
6905	8 
6906	10 
6907	19 
6908	10 
6909	12 
6910	12 
6911	13 
6912	8 
6913	1 
6914	14 
6915	1 
6916	9 
6917	17 
6918	10 
6919	20 
6920	19 
6921	2 
6922	9 
6923	8 
6924	6 
6925	8 
6926	19 
6927	18 
6928	20 
6929	16 
6930	15 
6931	11 
6932	13 
6933	11 
6934	7 
6935	5 
6936	7 
6937	12 
6938	1 
6939	20 
6940	10 
6941	20 
6942	11 
6943	3 
6944	3 
6945	14 
6946	5 
6947	10 
6948	15 
6949	2 
6950	16 
6951	15 
6952	2 
6953	17 
6954	17 
6955	17 
6956	1 
6957	17 
6958	1 
6959	10 
6960	16 
6961	1 
6962	1 
6963	11 
6964	20 
6965	4 
6966	16 
6967	16 
6968	1 
6969	19 
6970	17 
6971	13 
6972	12 
6973	18 
6974	6 
6975	14 
6976	6 
6977	6 
6978	9 
6979	20 
6980	4 
6981	15 
6982	12 
6983	17 
6984	1 
6985	19 
6986	11 
6987	6 
6988	11 
6989	16 
6990	11 
6991	9 
6992	11 
6993	11 
6994	11 
6995	6 
6996	15 
6997	17 
6998	4 
6999	19 
7000	11 
7001	6 
7002	9 
7003	4 
7004	15 
7005	12 
7006	2 
7007	19 
7008	10 
7009	14 
7010	1 
7011	2 
7012	20 
7013	17 
7014	7 
7015	10 
7016	2 
7017	16 
7018	11 
7019	10 
7020	1 
7021	8 
7022	20 
7023	2 
7024	5 
7025	12 
7026	20 
7027	17 
7028	6 
7029	7 
7030	20 
7031	14 
7032	9 
7033	10 
7034	15 
7035	19 
7036	16 
7037	13 
7038	15 
7039	16 
7040	3 
7041	14 
7042	2 
7043	5 
7044	10 
7045	17 
7046	5 
7047	16 
7048	5 
7049	20 
7050	14 
7051	10 
7052	12 
7053	9 
7054	20 
7055	6 
7056	2 
7057	13 
7058	18 
7059	5 
7060	15 
7061	16 
7062	3 
7063	6 
7064	13 
7065	3 
7066	19 
7067	1 
7068	9 
7069	1 
7070	15 
7071	9 
7072	4 
7073	13 
7074	19 
7075	17 
7076	15 
7077	2 
7078	3 
7079	19 
7080	19 
7081	9 
7082	6 
7083	16 
7084	3 
7085	19 
7086	19 
7087	1 
7088	5 
7089	9 
7090	10 
7091	3 
7092	17 
7093	9 
7094	19 
7095	15 
7096	2 
7097	20 
7098	6 
7099	5 
7100	9 
7101	13 
7102	19 
7103	7 
7104	19 
7105	14 
7106	9 
7107	7 
7108	3 
7109	16 
7110	16 
7111	6 
7112	19 
7113	13 
7114	11 
7115	19 
7116	12 
7117	8 
7118	6 
7119	10 
7120	17 
7121	8 
7122	7 
7123	10 
7124	1 
7125	9 
7126	18 
7127	20 
7128	7 
7129	3 
7130	7 
7131	16 
7132	16 
7133	9 
7134	17 
7135	20 
7136	13 
7137	12 
7138	4 
7139	4 
7140	12 
7141	11 
7142	20 
7143	3 
7144	12 
7145	10 
7146	5 
7147	7 
7148	11 
7149	15 
7150	4 
7151	12 
7152	10 
7153	12 
7154	10 
7155	17 
7156	5 
7157	12 
7158	2 
7159	19 
7160	20 
7161	19 
7162	9 
7163	20 
7164	3 
7165	10 
7166	17 
7167	12 
7168	13 
7169	20 
7170	19 
7171	9 
7172	17 
7173	1 
7174	2 
7175	8 
7176	6 
7177	6 
7178	9 
7179	18 
7180	17 
7181	6 
7182	15 
7183	20 
7184	8 
7185	7 
7186	7 
7187	12 
7188	20 
7189	17 
7190	15 
7191	10 
7192	2 
7193	4 
7194	16 
7195	20 
7196	9 
7197	4 
7198	20 
7199	19 
7200	9 
7201	19 
7202	19 
7203	3 
7204	8 
7205	19 
7206	9 
7207	9 
7208	8 
7209	15 
7210	17 
7211	16 
7212	5 
7213	1 
7214	9 
7215	14 
7216	1 
7217	1 
7218	12 
7219	20 
7220	11 
7221	3 
7222	11 
7223	9 
7224	16 
7225	4 
7226	15 
7227	3 
7228	3 
7229	5 
7230	12 
7231	8 
7232	10 
7233	1 
7234	7 
7235	19 
7236	8 
7237	16 
7238	8 
7239	11 
7240	10 
7241	8 
7242	17 
7243	1 
7244	6 
7245	14 
7246	2 
7247	8 
7248	6 
7249	3 
7250	8 
7251	9 
7252	20 
7253	19 
7254	10 
7255	9 
7256	1 
7257	19 
7258	9 
7259	8 
7260	11 
7261	3 
7262	6 
7263	18 
7264	20 
7265	12 
7266	12 
7267	7 
7268	19 
7269	17 
7270	18 
7271	14 
7272	2 
7273	12 
7274	13 
7275	20 
7276	1 
7277	1 
7278	12 
7279	14 
7280	11 
7281	6 
7282	19 
7283	14 
7284	11 
7285	20 
7286	14 
7287	9 
7288	19 
7289	16 
7290	13 
7291	16 
7292	10 
7293	14 
7294	6 
7295	6 
7296	2 
7297	18 
7298	3 
7299	2 
7300	2 
7301	16 
7302	7 
7303	20 
7304	11 
7305	15 
7306	12 
7307	5 
7308	12 
7309	18 
7310	3 
7311	16 
7312	7 
7313	13 
7314	13 
7315	11 
7316	10 
7317	5 
7318	18 
7319	11 
7320	10 
7321	4 
7322	16 
7323	11 
7324	18 
7325	11 
7326	4 
7327	15 
7328	19 
7329	19 
7330	8 
7331	20 
7332	10 
7333	19 
7334	18 
7335	9 
7336	2 
7337	13 
7338	16 
7339	2 
7340	18 
7341	7 
7342	14 
7343	3 
7344	19 
7345	10 
7346	19 
7347	17 
7348	1 
7349	19 
7350	6 
7351	8 
7352	3 
7353	12 
7354	17 
7355	6 
7356	18 
7357	10 
7358	8 
7359	12 
7360	5 
7361	1 
7362	11 
7363	5 
7364	10 
7365	5 
7366	16 
7367	16 
7368	2 
7369	16 
7370	19 
7371	3 
7372	3 
7373	15 
7374	14 
7375	17 
7376	18 
7377	3 
7378	2 
7379	13 
7380	18 
7381	19 
7382	7 
7383	4 
7384	3 
7385	19 
7386	5 
7387	18 
7388	6 
7389	15 
7390	17 
7391	19 
7392	7 
7393	5 
7394	16 
7395	16 
7396	8 
7397	10 
7398	10 
7399	11 
7400	7 
7401	13 
7402	8 
7403	10 
7404	11 
7405	5 
7406	18 
7407	3 
7408	9 
7409	16 
7410	16 
7411	5 
7412	18 
7413	16 
7414	20 
7415	9 
7416	16 
7417	10 
7418	11 
7419	8 
7420	11 
7421	6 
7422	7 
7423	18 
7424	11 
7425	14 
7426	13 
7427	7 
7428	19 
7429	8 
7430	12 
7431	9 
7432	19 
7433	1 
7434	16 
7435	15 
7436	1 
7437	3 
7438	18 
7439	4 
7440	20 
7441	2 
7442	12 
7443	11 
7444	5 
7445	11 
7446	17 
7447	2 
7448	2 
7449	8 
7450	18 
7451	4 
7452	11 
7453	18 
7454	18 
7455	8 
7456	3 
7457	10 
7458	20 
7459	16 
7460	15 
7461	16 
7462	10 
7463	15 
7464	11 
7465	11 
7466	19 
7467	1 
7468	6 
7469	18 
7470	20 
7471	10 
7472	16 
7473	16 
7474	20 
7475	2 
7476	15 
7477	19 
7478	10 
7479	9 
7480	19 
7481	3 
7482	3 
7483	6 
7484	14 
7485	20 
7486	8 
7487	16 
7488	6 
7489	19 
7490	3 
7491	17 
7492	17 
7493	13 
7494	18 
7495	6 
7496	4 
7497	12 
7498	14 
7499	19 
7500	15 
7501	15 
7502	16 
7503	9 
7504	14 
7505	13 
7506	13 
7507	19 
7508	12 
7509	3 
7510	2 
7511	9 
7512	12 
7513	9 
7514	18 
7515	19 
7516	12 
7517	14 
7518	5 
7519	19 
7520	20 
7521	5 
7522	15 
7523	11 
7524	16 
7525	20 
7526	18 
7527	2 
7528	6 
7529	16 
7530	13 
7531	18 
7532	9 
7533	20 
7534	17 
7535	14 
7536	20 
7537	7 
7538	6 
7539	8 
7540	10 
7541	18 
7542	7 
7543	17 
7544	6 
7545	6 
7546	16 
7547	16 
7548	19 
7549	11 
7550	13 
7551	4 
7552	7 
7553	12 
7554	13 
7555	10 
7556	12 
7557	15 
7558	5 
7559	19 
7560	19 
7561	19 
7562	15 
7563	6 
7564	2 
7565	8 
7566	16 
7567	7 
7568	12 
7569	16 
7570	10 
7571	8 
7572	5 
7573	12 
7574	8 
7575	16 
7576	20 
7577	8 
7578	15 
7579	2 
7580	5 
7581	12 
7582	15 
7583	4 
7584	19 
7585	3 
7586	9 
7587	12 
7588	10 
7589	17 
7590	16 
7591	9 
7592	19 
7593	18 
7594	19 
7595	6 
7596	19 
7597	8 
7598	16 
7599	19 
7600	8 
7601	6 
7602	3 
7603	15 
7604	4 
7605	18 
7606	6 
7607	11 
7608	16 
7609	10 
7610	4 
7611	10 
7612	10 
7613	6 
7614	20 
7615	16 
7616	16 
7617	9 
7618	9 
7619	1 
7620	7 
7621	9 
7622	8 
7623	18 
7624	10 
7625	11 
7626	5 
7627	20 
7628	12 
7629	16 
7630	6 
7631	3 
7632	7 
7633	16 
7634	8 
7635	12 
7636	6 
7637	14 
7638	20 
7639	6 
7640	18 
7641	12 
7642	8 
7643	9 
7644	12 
7645	9 
7646	18 
7647	18 
7648	11 
7649	11 
7650	16 
7651	7 
7652	1 
7653	9 
7654	11 
7655	12 
7656	16 
7657	9 
7658	9 
7659	16 
7660	9 
7661	10 
7662	14 
7663	6 
7664	12 
7665	12 
7666	4 
7667	5 
7668	10 
7669	19 
7670	20 
7671	14 
7672	19 
7673	6 
7674	3 
7675	8 
7676	14 
7677	18 
7678	5 
7679	15 
7680	19 
7681	13 
7682	17 
7683	10 
7684	3 
7685	15 
7686	2 
7687	9 
7688	11 
7689	3 
7690	7 
7691	20 
7692	12 
7693	11 
7694	16 
7695	17 
7696	7 
7697	12 
7698	9 
7699	14 
7700	1 
7701	11 
7702	20 
7703	15 
7704	19 
7705	18 
7706	1 
7707	4 
7708	15 
7709	10 
7710	10 
7711	17 
7712	4 
7713	2 
7714	20 
7715	16 
7716	17 
7717	15 
7718	20 
7719	10 
7720	1 
7721	12 
7722	16 
7723	11 
7724	18 
7725	8 
7726	14 
7727	11 
7728	6 
7729	16 
7730	10 
7731	17 
7732	9 
7733	6 
7734	6 
7735	5 
7736	5 
7737	16 
7738	19 
7739	17 
7740	4 
7741	17 
7742	18 
7743	8 
7744	14 
7745	10 
7746	8 
7747	16 
7748	1 
7749	13 
7750	16 
7751	20 
7752	1 
7753	13 
7754	4 
7755	5 
7756	8 
7757	6 
7758	12 
7759	15 
7760	10 
7761	10 
7762	14 
7763	18 
7764	7 
7765	10 
7766	9 
7767	7 
7768	18 
7769	10 
7770	3 
7771	13 
7772	17 
7773	1 
7774	3 
7775	17 
7776	18 
7777	11 
7778	13 
7779	19 
7780	20 
7781	20 
7782	4 
7783	12 
7784	18 
7785	15 
7786	12 
7787	12 
7788	10 
7789	6 
7790	2 
7791	15 
7792	13 
7793	8 
7794	14 
7795	11 
7796	18 
7797	4 
7798	9 
7799	14 
7800	4 
7801	18 
7802	9 
7803	1 
7804	11 
7805	10 
7806	19 
7807	8 
7808	10 
7809	14 
7810	14 
7811	15 
7812	7 
7813	20 
7814	10 
7815	2 
7816	12 
7817	14 
7818	11 
7819	4 
7820	3 
7821	17 
7822	6 
7823	20 
7824	14 
7825	6 
7826	15 
7827	17 
7828	12 
7829	1 
7830	3 
7831	3 
7832	18 
7833	6 
7834	11 
7835	16 
7836	5 
7837	4 
7838	9 
7839	18 
7840	2 
7841	9 
7842	10 
7843	9 
7844	8 
7845	4 
7846	8 
7847	14 
7848	7 
7849	16 
7850	1 
7851	1 
7852	8 
7853	2 
7854	15 
7855	7 
7856	17 
7857	7 
7858	16 
7859	3 
7860	9 
7861	7 
7862	19 
7863	20 
7864	6 
7865	19 
7866	15 
7867	9 
7868	13 
7869	16 
7870	10 
7871	6 
7872	5 
7873	18 
7874	8 
7875	3 
7876	16 
7877	9 
7878	19 
7879	18 
7880	15 
7881	19 
7882	19 
7883	16 
7884	6 
7885	8 
7886	2 
7887	5 
7888	5 
7889	15 
7890	19 
7891	16 
7892	11 
7893	8 
7894	2 
7895	10 
7896	13 
7897	3 
7898	14 
7899	2 
7900	16 
7901	1 
7902	14 
7903	20 
7904	11 
7905	18 
7906	10 
7907	12 
7908	18 
7909	19 
7910	6 
7911	15 
7912	20 
7913	11 
7914	17 
7915	19 
7916	5 
7917	12 
7918	13 
7919	5 
7920	16 
7921	3 
7922	1 
7923	12 
7924	2 
7925	1 
7926	12 
7927	13 
7928	11 
7929	15 
7930	8 
7931	8 
7932	18 
7933	17 
7934	14 
7935	10 
7936	19 
7937	8 
7938	3 
7939	20 
7940	14 
7941	8 
7942	11 
7943	5 
7944	17 
7945	18 
7946	15 
7947	10 
7948	17 
7949	1 
7950	19 
7951	6 
7952	3 
7953	1 
7954	6 
7955	19 
7956	14 
7957	12 
7958	13 
7959	3 
7960	12 
7961	2 
7962	19 
7963	9 
7964	10 
7965	15 
7966	8 
7967	17 
7968	16 
7969	19 
7970	19 
7971	16 
7972	10 
7973	14 
7974	12 
7975	3 
7976	2 
7977	18 
7978	17 
7979	20 
7980	17 
7981	12 
7982	7 
7983	10 
7984	15 
7985	11 
7986	16 
7987	7 
7988	13 
7989	19 
7990	15 
7991	16 
7992	17 
7993	1 
7994	6 
7995	8 
7996	9 
7997	15 
7998	10 
7999	5 
8000	5 
8001	19 
8002	20 
8003	9 
8004	19 
8005	15 
8006	6 
8007	16 
8008	1 
8009	6 
8010	10 
8011	18 
8012	20 
8013	11 
8014	13 
8015	4 
8016	12 
8017	11 
8018	7 
8019	12 
8020	13 
8021	6 
8022	13 
8023	20 
8024	8 
8025	20 
8026	12 
8027	19 
8028	11 
8029	20 
8030	11 
8031	2 
8032	18 
8033	12 
8034	19 
8035	9 
8036	2 
8037	20 
8038	1 
8039	15 
8040	5 
8041	19 
8042	6 
8043	5 
8044	2 
8045	9 
8046	15 
8047	10 
8048	16 
8049	12 
8050	5 
8051	5 
8052	13 
8053	15 
8054	19 
8055	15 
8056	15 
8057	18 
8058	8 
8059	16 
8060	7 
8061	3 
8062	12 
8063	6 
8064	8 
8065	16 
8066	12 
8067	1 
8068	5 
8069	10 
8070	19 
8071	15 
8072	7 
8073	7 
8074	5 
8075	2 
8076	18 
8077	8 
8078	16 
8079	17 
8080	8 
8081	11 
8082	14 
8083	6 
8084	7 
8085	4 
8086	13 
8087	9 
8088	17 
8089	18 
8090	19 
8091	10 
8092	2 
8093	3 
8094	12 
8095	7 
8096	18 
8097	20 
8098	2 
8099	5 
8100	4 
8101	14 
8102	1 
8103	19 
8104	7 
8105	20 
8106	9 
8107	11 
8108	2 
8109	9 
8110	20 
8111	18 
8112	13 
8113	6 
8114	17 
8115	6 
8116	6 
8117	4 
8118	12 
8119	7 
8120	20 
8121	13 
8122	5 
8123	16 
8124	12 
8125	19 
8126	13 
8127	12 
8128	10 
8129	11 
8130	8 
8131	1 
8132	8 
8133	1 
8134	4 
8135	20 
8136	5 
8137	11 
8138	15 
8139	15 
8140	12 
8141	4 
8142	1 
8143	4 
8144	7 
8145	16 
8146	9 
8147	11 
8148	7 
8149	13 
8150	16 
8151	14 
8152	7 
8153	10 
8154	8 
8155	6 
8156	12 
8157	20 
8158	19 
8159	15 
8160	17 
8161	6 
8162	9 
8163	9 
8164	20 
8165	19 
8166	18 
8167	10 
8168	8 
8169	19 
8170	18 
8171	6 
8172	8 
8173	15 
8174	19 
8175	11 
8176	20 
8177	3 
8178	10 
8179	14 
8180	9 
8181	19 
8182	19 
8183	4 
8184	17 
8185	18 
8186	3 
8187	8 
8188	11 
8189	17 
8190	7 
8191	16 
8192	7 
8193	20 
8194	10 
8195	18 
8196	3 
8197	3 
8198	7 
8199	1 
8200	11 
8201	16 
8202	8 
8203	11 
8204	7 
8205	7 
8206	13 
8207	5 
8208	9 
8209	6 
8210	8 
8211	13 
8212	3 
8213	19 
8214	7 
8215	8 
8216	7 
8217	4 
8218	20 
8219	13 
8220	19 
8221	17 
8222	9 
8223	8 
8224	6 
8225	13 
8226	15 
8227	12 
8228	15 
8229	6 
8230	18 
8231	16 
8232	1 
8233	12 
8234	4 
8235	16 
8236	18 
8237	7 
8238	1 
8239	8 
8240	1 
8241	18 
8242	20 
8243	12 
8244	19 
8245	17 
8246	5 
8247	20 
8248	12 
8249	6 
8250	9 
8251	10 
8252	15 
8253	13 
8254	19 
8255	13 
8256	13 
8257	16 
8258	11 
8259	6 
8260	1 
8261	16 
8262	8 
8263	20 
8264	3 
8265	18 
8266	8 
8267	6 
8268	13 
8269	14 
8270	18 
8271	6 
8272	1 
8273	5 
8274	14 
8275	1 
8276	5 
8277	7 
8278	8 
8279	6 
8280	8 
8281	4 
8282	9 
8283	17 
8284	2 
8285	15 
8286	6 
8287	7 
8288	15 
8289	8 
8290	7 
8291	11 
8292	15 
8293	19 
8294	19 
8295	1 
8296	15 
8297	10 
8298	10 
8299	13 
8300	8 
8301	4 
8302	10 
8303	8 
8304	11 
8305	14 
8306	6 
8307	10 
8308	2 
8309	14 
8310	18 
8311	6 
8312	7 
8313	19 
8314	13 
8315	10 
8316	10 
8317	2 
8318	19 
8319	6 
8320	5 
8321	8 
8322	20 
8323	9 
8324	19 
8325	3 
8326	17 
8327	10 
8328	9 
8329	4 
8330	9 
8331	15 
8332	13 
8333	17 
8334	19 
8335	17 
8336	12 
8337	3 
8338	6 
8339	15 
8340	6 
8341	8 
8342	6 
8343	18 
8344	19 
8345	6 
8346	12 
8347	9 
8348	15 
8349	17 
8350	17 
8351	6 
8352	17 
8353	13 
8354	16 
8355	14 
8356	5 
8357	15 
8358	19 
8359	8 
8360	11 
8361	10 
8362	11 
8363	16 
8364	11 
8365	6 
8366	12 
8367	9 
8368	20 
8369	3 
8370	14 
8371	13 
8372	17 
8373	7 
8374	1 
8375	1 
8376	20 
8377	1 
8378	14 
8379	5 
8380	2 
8381	3 
8382	10 
8383	11 
8384	5 
8385	16 
8386	9 
8387	16 
8388	19 
8389	16 
8390	8 
8391	13 
8392	2 
8393	2 
8394	3 
8395	13 
8396	3 
8397	8 
8398	19 
8399	15 
8400	17 
8401	15 
8402	5 
8403	6 
8404	1 
8405	2 
8406	12 
8407	6 
8408	9 
8409	17 
8410	1 
8411	15 
8412	20 
8413	10 
8414	19 
8415	7 
8416	19 
8417	20 
8418	2 
8419	18 
8420	3 
8421	15 
8422	7 
8423	18 
8424	9 
8425	13 
8426	16 
8427	13 
8428	8 
8429	1 
8430	15 
8431	16 
8432	20 
8433	13 
8434	7 
8435	19 
8436	3 
8437	19 
8438	1 
8439	18 
8440	2 
8441	3 
8442	4 
8443	13 
8444	13 
8445	4 
8446	10 
8447	4 
8448	4 
8449	17 
8450	1 
8451	2 
8452	9 
8453	7 
8454	15 
8455	6 
8456	10 
8457	5 
8458	3 
8459	5 
8460	1 
8461	7 
8462	10 
8463	11 
8464	14 
8465	15 
8466	20 
8467	2 
8468	7 
8469	15 
8470	19 
8471	8 
8472	5 
8473	16 
8474	3 
8475	6 
8476	1 
8477	19 
8478	15 
8479	11 
8480	7 
8481	11 
8482	14 
8483	13 
8484	13 
8485	10 
8486	18 
8487	9 
8488	10 
8489	9 
8490	7 
8491	4 
8492	4 
8493	10 
8494	19 
8495	10 
8496	8 
8497	11 
8498	11 
8499	6 
8500	8 
8501	6 
8502	8 
8503	1 
8504	6 
8505	14 
8506	18 
8507	16 
8508	15 
8509	4 
8510	19 
8511	19 
8512	9 
8513	15 
8514	16 
8515	2 
8516	15 
8517	14 
8518	19 
8519	10 
8520	9 
8521	14 
8522	4 
8523	11 
8524	4 
8525	12 
8526	17 
8527	9 
8528	15 
8529	9 
8530	3 
8531	13 
8532	4 
8533	14 
8534	15 
8535	1 
8536	1 
8537	15 
8538	11 
8539	5 
8540	12 
8541	3 
8542	11 
8543	9 
8544	4 
8545	17 
8546	6 
8547	12 
8548	14 
8549	15 
8550	5 
8551	1 
8552	12 
8553	10 
8554	16 
8555	5 
8556	5 
8557	13 
8558	19 
8559	2 
8560	9 
8561	12 
8562	1 
8563	14 
8564	8 
8565	6 
8566	19 
8567	17 
8568	6 
8569	2 
8570	12 
8571	18 
8572	8 
8573	9 
8574	10 
8575	12 
8576	17 
8577	20 
8578	6 
8579	13 
8580	20 
8581	7 
8582	10 
8583	11 
8584	5 
8585	13 
8586	19 
8587	4 
8588	11 
8589	17 
8590	17 
8591	6 
8592	16 
8593	4 
8594	6 
8595	13 
8596	3 
8597	15 
8598	15 
8599	3 
8600	3 
8601	15 
8602	7 
8603	12 
8604	1 
8605	20 
8606	5 
8607	15 
8608	6 
8609	17 
8610	4 
8611	10 
8612	9 
8613	1 
8614	1 
8615	4 
8616	12 
8617	15 
8618	14 
8619	18 
8620	4 
8621	12 
8622	7 
8623	8 
8624	1 
8625	12 
8626	16 
8627	14 
8628	2 
8629	3 
8630	7 
8631	6 
8632	19 
8633	13 
8634	1 
8635	9 
8636	8 
8637	16 
8638	5 
8639	12 
8640	19 
8641	16 
8642	12 
8643	10 
8644	9 
8645	16 
8646	15 
8647	16 
8648	6 
8649	9 
8650	9 
8651	13 
8652	19 
8653	9 
8654	15 
8655	5 
8656	6 
8657	6 
8658	3 
8659	4 
8660	19 
8661	8 
8662	4 
8663	6 
8664	13 
8665	3 
8666	10 
8667	6 
8668	16 
8669	8 
8670	19 
8671	19 
8672	2 
8673	19 
8674	16 
8675	17 
8676	7 
8677	6 
8678	7 
8679	1 
8680	13 
8681	6 
8682	18 
8683	10 
8684	17 
8685	1 
8686	1 
8687	12 
8688	20 
8689	20 
8690	15 
8691	19 
8692	8 
8693	16 
8694	19 
8695	14 
8696	18 
8697	20 
8698	4 
8699	6 
8700	12 
8701	8 
8702	4 
8703	4 
8704	15 
8705	18 
8706	1 
8707	8 
8708	16 
8709	10 
8710	6 
8711	18 
8712	11 
8713	12 
8714	13 
8715	1 
8716	19 
8717	11 
8718	4 
8719	2 
8720	9 
8721	4 
8722	19 
8723	4 
8724	12 
8725	14 
8726	4 
8727	6 
8728	16 
8729	15 
8730	13 
8731	13 
8732	16 
8733	2 
8734	16 
8735	10 
8736	11 
8737	2 
8738	17 
8739	14 
8740	2 
8741	7 
8742	17 
8743	14 
8744	12 
8745	8 
8746	5 
8747	4 
8748	19 
8749	12 
8750	19 
8751	3 
8752	18 
8753	18 
8754	10 
8755	10 
8756	9 
8757	12 
8758	11 
8759	10 
8760	9 
8761	18 
8762	8 
8763	6 
8764	20 
8765	18 
8766	9 
8767	9 
8768	14 
8769	17 
8770	2 
8771	9 
8772	20 
8773	16 
8774	14 
8775	7 
8776	3 
8777	7 
8778	9 
8779	8 
8780	14 
8781	6 
8782	13 
8783	9 
8784	13 
8785	15 
8786	11 
8787	2 
8788	6 
8789	18 
8790	8 
8791	4 
8792	11 
8793	7 
8794	8 
8795	6 
8796	17 
8797	11 
8798	15 
8799	2 
8800	19 
8801	15 
8802	12 
8803	7 
8804	5 
8805	14 
8806	7 
8807	13 
8808	13 
8809	14 
8810	8 
8811	15 
8812	5 
8813	10 
8814	2 
8815	5 
8816	4 
8817	15 
8818	6 
8819	9 
8820	13 
8821	19 
8822	8 
8823	7 
8824	19 
8825	10 
8826	20 
8827	5 
8828	1 
8829	11 
8830	8 
8831	11 
8832	10 
8833	17 
8834	14 
8835	15 
8836	8 
8837	20 
8838	4 
8839	18 
8840	20 
8841	12 
8842	12 
8843	3 
8844	12 
8845	14 
8846	10 
8847	20 
8848	1 
8849	6 
8850	2 
8851	6 
8852	9 
8853	3 
8854	4 
8855	8 
8856	18 
8857	10 
8858	19 
8859	20 
8860	18 
8861	5 
8862	1 
8863	13 
8864	2 
8865	11 
8866	20 
8867	1 
8868	19 
8869	6 
8870	10 
8871	3 
8872	1 
8873	10 
8874	19 
8875	14 
8876	10 
8877	1 
8878	6 
8879	20 
8880	5 
8881	10 
8882	12 
8883	16 
8884	14 
8885	18 
8886	14 
8887	2 
8888	10 
8889	16 
8890	9 
8891	2 
8892	10 
8893	3 
8894	7 
8895	7 
8896	5 
8897	11 
8898	5 
8899	1 
8900	1 
8901	5 
8902	8 
8903	12 
8904	9 
8905	17 
8906	19 
8907	3 
8908	4 
8909	18 
8910	16 
8911	16 
8912	10 
8913	7 
8914	1 
8915	7 
8916	19 
8917	11 
8918	13 
8919	7 
8920	16 
8921	20 
8922	12 
8923	15 
8924	2 
8925	3 
8926	20 
8927	4 
8928	16 
8929	6 
8930	18 
8931	3 
8932	8 
8933	19 
8934	15 
8935	12 
8936	10 
8937	13 
8938	8 
8939	20 
8940	13 
8941	15 
8942	17 
8943	18 
8944	10 
8945	15 
8946	10 
8947	3 
8948	2 
8949	9 
8950	2 
8951	15 
8952	10 
8953	9 
8954	16 
8955	8 
8956	10 
8957	13 
8958	16 
8959	5 
8960	15 
8961	17 
8962	19 
8963	19 
8964	20 
8965	19 
8966	17 
8967	17 
8968	8 
8969	17 
8970	1 
8971	14 
8972	14 
8973	5 
8974	1 
8975	19 
8976	8 
8977	17 
8978	6 
8979	12 
8980	14 
8981	18 
8982	20 
8983	18 
8984	13 
8985	6 
8986	11 
8987	9 
8988	9 
8989	8 
8990	6 
8991	3 
8992	11 
8993	8 
8994	4 
8995	19 
8996	3 
8997	20 
8998	4 
8999	2 
9000	11 
9001	1 
9002	20 
9003	11 
9004	19 
9005	11 
9006	10 
9007	1 
9008	1 
9009	18 
9010	5 
9011	9 
9012	11 
9013	9 
9014	15 
9015	5 
9016	4 
9017	14 
9018	18 
9019	15 
9020	15 
9021	16 
9022	7 
9023	17 
9024	3 
9025	17 
9026	14 
9027	17 
9028	5 
9029	5 
9030	14 
9031	20 
9032	11 
9033	5 
9034	5 
9035	2 
9036	8 
9037	11 
9038	16 
9039	19 
9040	5 
9041	14 
9042	14 
9043	19 
9044	2 
9045	15 
9046	4 
9047	9 
9048	9 
9049	10 
9050	10 
9051	2 
9052	10 
9053	15 
9054	16 
9055	19 
9056	7 
9057	15 
9058	14 
9059	20 
9060	16 
9061	8 
9062	7 
9063	1 
9064	16 
9065	2 
9066	15 
9067	19 
9068	13 
9069	16 
9070	8 
9071	16 
9072	2 
9073	17 
9074	13 
9075	10 
9076	6 
9077	8 
9078	12 
9079	20 
9080	1 
9081	1 
9082	20 
9083	9 
9084	3 
9085	19 
9086	10 
9087	1 
9088	10 
9089	13 
9090	18 
9091	8 
9092	11 
9093	8 
9094	6 
9095	19 
9096	12 
9097	3 
9098	16 
9099	15 
9100	12 
9101	6 
9102	12 
9103	16 
9104	13 
9105	6 
9106	13 
9107	8 
9108	7 
9109	12 
9110	8 
9111	3 
9112	10 
9113	7 
9114	19 
9115	11 
9116	19 
9117	20 
9118	10 
9119	8 
9120	13 
9121	19 
9122	2 
9123	1 
9124	10 
9125	13 
9126	9 
9127	19 
9128	1 
9129	13 
9130	14 
9131	9 
9132	10 
9133	3 
9134	17 
9135	19 
9136	8 
9137	2 
9138	8 
9139	4 
9140	11 
9141	2 
9142	17 
9143	6 
9144	10 
9145	8 
9146	2 
9147	9 
9148	12 
9149	11 
9150	16 
9151	16 
9152	12 
9153	6 
9154	6 
9155	18 
9156	14 
9157	3 
9158	16 
9159	19 
9160	14 
9161	1 
9162	4 
9163	18 
9164	10 
9165	8 
9166	3 
9167	15 
9168	10 
9169	1 
9170	7 
9171	17 
9172	10 
9173	20 
9174	4 
9175	4 
9176	11 
9177	18 
9178	17 
9179	14 
9180	19 
9181	13 
9182	3 
9183	6 
9184	13 
9185	16 
9186	10 
9187	17 
9188	11 
9189	10 
9190	10 
9191	16 
9192	19 
9193	16 
9194	6 
9195	12 
9196	19 
9197	4 
9198	10 
9199	10 
9200	16 
9201	2 
9202	7 
9203	13 
9204	17 
9205	11 
9206	16 
9207	8 
9208	10 
9209	19 
9210	19 
9211	2 
9212	7 
9213	16 
9214	17 
9215	2 
9216	19 
9217	19 
9218	8 
9219	2 
9220	16 
9221	15 
9222	2 
9223	7 
9224	14 
9225	1 
9226	16 
9227	1 
9228	18 
9229	16 
9230	3 
9231	7 
9232	15 
9233	19 
9234	2 
9235	20 
9236	14 
9237	16 
9238	13 
9239	12 
9240	11 
9241	9 
9242	8 
9243	10 
9244	13 
9245	17 
9246	1 
9247	16 
9248	15 
9249	9 
9250	16 
9251	16 
9252	11 
9253	8 
9254	2 
9255	18 
9256	16 
9257	9 
9258	10 
9259	11 
9260	11 
9261	4 
9262	4 
9263	4 
9264	8 
9265	4 
9266	15 
9267	20 
9268	17 
9269	16 
9270	13 
9271	20 
9272	7 
9273	19 
9274	20 
9275	3 
9276	20 
9277	18 
9278	19 
9279	14 
9280	6 
9281	2 
9282	5 
9283	18 
9284	16 
9285	1 
9286	15 
9287	10 
9288	1 
9289	6 
9290	9 
9291	14 
9292	11 
9293	19 
9294	20 
9295	8 
9296	13 
9297	13 
9298	8 
9299	2 
9300	7 
9301	7 
9302	16 
9303	13 
9304	8 
9305	10 
9306	17 
9307	15 
9308	1 
9309	2 
9310	13 
9311	16 
9312	10 
9313	10 
9314	8 
9315	8 
9316	19 
9317	19 
9318	14 
9319	2 
9320	1 
9321	1 
9322	12 
9323	16 
9324	4 
9325	11 
9326	13 
9327	10 
9328	19 
9329	12 
9330	19 
9331	6 
9332	1 
9333	6 
9334	17 
9335	6 
9336	14 
9337	3 
9338	7 
9339	7 
9340	18 
9341	20 
9342	9 
9343	15 
9344	2 
9345	5 
9346	4 
9347	8 
9348	5 
9349	14 
9350	8 
9351	20 
9352	18 
9353	10 
9354	6 
9355	5 
9356	13 
9357	19 
9358	1 
9359	20 
9360	15 
9361	6 
9362	7 
9363	4 
9364	16 
9365	19 
9366	19 
9367	6 
9368	20 
9369	5 
9370	7 
9371	3 
9372	10 
9373	15 
9374	10 
9375	19 
9376	14 
9377	16 
9378	1 
9379	19 
9380	15 
9381	15 
9382	19 
9383	17 
9384	3 
9385	2 
9386	9 
9387	18 
9388	8 
9389	17 
9390	5 
9391	16 
9392	5 
9393	15 
9394	3 
9395	12 
9396	4 
9397	9 
9398	9 
9399	20 
9400	9 
9401	17 
9402	20 
9403	12 
9404	19 
9405	3 
9406	5 
9407	3 
9408	9 
9409	5 
9410	13 
9411	1 
9412	7 
9413	9 
9414	3 
9415	3 
9416	10 
9417	10 
9418	17 
9419	5 
9420	3 
9421	16 
9422	17 
9423	11 
9424	2 
9425	14 
9426	20 
9427	8 
9428	17 
9429	9 
9430	7 
9431	8 
9432	17 
9433	1 
9434	15 
9435	6 
9436	3 
9437	6 
9438	20 
9439	5 
9440	11 
9441	19 
9442	8 
9443	5 
9444	7 
9445	14 
9446	16 
9447	1 
9448	10 
9449	20 
9450	15 
9451	7 
9452	5 
9453	11 
9454	16 
9455	6 
9456	5 
9457	14 
9458	16 
9459	16 
9460	8 
9461	5 
9462	8 
9463	15 
9464	19 
9465	1 
9466	13 
9467	16 
9468	2 
9469	16 
9470	9 
9471	4 
9472	11 
9473	18 
9474	18 
9475	9 
9476	20 
9477	8 
9478	20 
9479	7 
9480	1 
9481	13 
9482	14 
9483	6 
9484	5 
9485	10 
9486	10 
9487	1 
9488	11 
9489	9 
9490	11 
9491	3 
9492	6 
9493	9 
9494	11 
9495	1 
9496	5 
9497	11 
9498	12 
9499	10 
9500	20 
9501	13 
9502	12 
9503	8 
9504	16 
9505	4 
9506	19 
9507	7 
9508	3 
9509	9 
9510	10 
9511	5 
9512	8 
9513	19 
9514	6 
9515	19 
9516	6 
9517	6 
9518	3 
9519	2 
9520	18 
9521	15 
9522	17 
9523	4 
9524	2 
9525	8 
9526	15 
9527	1 
9528	6 
9529	8 
9530	15 
9531	13 
9532	3 
9533	5 
9534	8 
9535	6 
9536	8 
9537	12 
9538	20 
9539	8 
9540	6 
9541	20 
9542	15 
9543	1 
9544	16 
9545	8 
9546	4 
9547	12 
9548	15 
9549	14 
9550	4 
9551	15 
9552	8 
9553	11 
9554	12 
9555	16 
9556	10 
9557	6 
9558	20 
9559	13 
9560	15 
9561	1 
9562	7 
9563	12 
9564	13 
9565	16 
9566	10 
9567	9 
9568	10 
9569	2 
9570	7 
9571	3 
9572	10 
9573	14 
9574	2 
9575	13 
9576	14 
9577	18 
9578	17 
9579	19 
9580	9 
9581	17 
9582	8 
9583	17 
9584	7 
9585	6 
9586	14 
9587	17 
9588	10 
9589	8 
9590	16 
9591	17 
9592	20 
9593	4 
9594	14 
9595	7 
9596	10 
9597	14 
9598	9 
9599	8 
9600	19 
9601	9 
9602	20 
9603	17 
9604	10 
9605	17 
9606	8 
9607	15 
9608	20 
9609	8 
9610	16 
9611	6 
9612	1 
9613	9 
9614	8 
9615	11 
9616	11 
9617	19 
9618	7 
9619	20 
9620	19 
9621	4 
9622	8 
9623	20 
9624	15 
9625	2 
9626	16 
9627	13 
9628	8 
9629	12 
9630	19 
9631	20 
9632	6 
9633	4 
9634	20 
9635	4 
9636	9 
9637	8 
9638	4 
9639	11 
9640	14 
9641	15 
9642	8 
9643	7 
9644	8 
9645	10 
9646	10 
9647	8 
9648	11 
9649	1 
9650	20 
9651	15 
9652	14 
9653	18 
9654	18 
9655	11 
9656	1 
9657	17 
9658	17 
9659	18 
9660	5 
9661	9 
9662	16 
9663	8 
9664	13 
9665	3 
9666	18 
9667	11 
9668	10 
9669	12 
9670	18 
9671	8 
9672	13 
9673	8 
9674	10 
9675	19 
9676	2 
9677	13 
9678	9 
9679	3 
9680	18 
9681	1 
9682	7 
9683	19 
9684	3 
9685	17 
9686	15 
9687	9 
9688	10 
9689	17 
9690	16 
9691	16 
9692	8 
9693	11 
9694	15 
9695	19 
9696	5 
9697	17 
9698	3 
9699	10 
9700	10 
9701	3 
9702	6 
9703	3 
9704	12 
9705	10 
9706	8 
9707	17 
9708	13 
9709	12 
9710	3 
9711	1 
9712	15 
9713	11 
9714	10 
9715	10 
9716	10 
9717	6 
9718	8 
9719	19 
9720	7 
9721	20 
9722	10 
9723	9 
9724	16 
9725	20 
9726	15 
9727	14 
9728	14 
9729	4 
9730	10 
9731	2 
9732	10 
9733	10 
9734	9 
9735	1 
9736	17 
9737	11 
9738	13 
9739	10 
9740	2 
9741	17 
9742	10 
9743	8 
9744	3 
9745	9 
9746	3 
9747	11 
9748	8 
9749	17 
9750	13 
9751	13 
9752	7 
9753	12 
9754	15 
9755	9 
9756	5 
9757	19 
9758	4 
9759	13 
9760	15 
9761	8 
9762	15 
9763	6 
9764	17 
9765	10 
9766	14 
9767	10 
9768	18 
9769	13 
9770	14 
9771	7 
9772	7 
9773	4 
9774	19 
9775	19 
9776	10 
9777	15 
9778	3 
9779	15 
9780	16 
9781	8 
9782	9 
9783	10 
9784	8 
9785	18 
9786	20 
9787	6 
9788	1 
9789	17 
9790	11 
9791	11 
9792	12 
9793	3 
9794	19 
9795	10 
9796	5 
9797	3 
9798	20 
9799	6 
9800	11 
9801	9 
9802	3 
9803	13 
9804	19 
9805	19 
9806	1 
9807	14 
9808	16 
9809	8 
9810	1 
9811	3 
9812	17 
9813	20 
9814	20 
9815	14 
9816	8 
9817	19 
9818	19 
9819	6 
9820	12 
9821	10 
9822	7 
9823	8 
9824	10 
9825	18 
9826	15 
9827	16 
9828	8 
9829	17 
9830	1 
9831	6 
9832	16 
9833	2 
9834	6 
9835	17 
9836	11 
9837	8 
9838	6 
9839	3 
9840	8 
9841	3 
9842	5 
9843	11 
9844	20 
9845	18 
9846	6 
9847	2 
9848	5 
9849	15 
9850	15 
9851	6 
9852	16 
9853	19 
9854	19 
9855	15 
9856	14 
9857	17 
9858	15 
9859	3 
9860	1 
9861	5 
9862	8 
9863	6 
9864	6 
9865	14 
9866	14 
9867	17 
9868	16 
9869	12 
9870	18 
9871	14 
9872	13 
9873	5 
9874	8 
9875	15 
9876	6 
9877	1 
9878	3 
9879	2 
9880	5 
9881	13 
9882	13 
9883	9 
9884	8 
9885	9 
9886	14 
9887	6 
9888	12 
9889	10 
9890	19 
9891	19 
9892	2 
9893	18 
9894	13 
9895	12 
9896	19 
9897	4 
9898	15 
9899	12 
9900	9 
9901	6 
9902	8 
9903	17 
9904	19 
9905	20 
9906	10 
9907	14 
9908	8 
9909	3 
9910	11 
9911	8 
9912	8 
9913	19 
9914	13 
9915	11 
9916	12 
9917	10 
9918	7 
9919	11 
9920	19 
9921	17 
9922	16 
9923	5 
9924	5 
9925	15 
9926	3 
9927	7 
9928	11 
9929	7 
9930	15 
9931	15 
9932	16 
9933	18 
9934	3 
9935	20 
9936	12 
9937	8 
9938	16 
9939	8 
9940	7 
9941	1 
9942	7 
9943	16 
9944	8 
9945	10 
9946	13 
9947	15 
9948	4 
9949	12 
9950	20 
9951	1 
9952	3 
9953	19 
9954	4 
9955	13 
9956	9 
9957	3 
9958	1 
9959	7 
9960	18 
9961	16 
9962	5 
9963	6 
9964	7 
9965	14 
9966	3 
9967	12 
9968	11 
9969	6 
9970	1 
9971	16 
9972	15 
9973	8 
9974	10 
9975	19 
9976	19 
9977	2 
9978	5 
9979	11 
9980	9 
9981	18 
9982	6 
9983	16 
9984	1 
9985	20 
9986	8 
9987	12 
9988	15 
9989	16 
9990	12 
9991	17 
9992	15 
9993	10 
9994	19 
9995	19 
9996	11 
9997	4 
9998	9 
9999	12 
10000	14 
