1	874 
2	961 
3	830 
4	906 
5	114 
6	889 
7	1147 
8	639 
9	1060 
10	445 
11	342 
12	1065 
13	1057 
14	682 
15	1074 
16	636 
17	232 
18	754 
19	975 
20	588 
21	4 
22	987 
23	233 
24	791 
25	425 
26	686 
27	998 
28	905 
29	185 
30	503 
31	711 
32	886 
33	242 
34	962 
35	281 
36	285 
37	1038 
38	461 
39	97 
40	495 
41	1076 
42	196 
43	1072 
44	1114 
45	596 
46	896 
47	313 
48	5 
49	622 
50	219 
51	1108 
52	1036 
53	599 
54	1101 
55	940 
56	483 
57	1018 
58	773 
59	812 
60	1126 
61	946 
62	123 
63	975 
64	799 
65	736 
66	16 
67	364 
68	107 
69	968 
70	619 
71	894 
72	1022 
73	638 
74	1001 
75	1011 
76	787 
77	1033 
78	107 
79	1099 
80	957 
81	160 
82	237 
83	637 
84	901 
85	577 
86	1003 
87	341 
88	1002 
89	492 
90	1084 
91	1074 
92	899 
93	322 
94	490 
95	634 
96	31 
97	184 
98	451 
99	415 
100	1141 
101	285 
102	350 
103	325 
104	373 
105	148 
106	943 
107	992 
108	693 
109	471 
110	650 
111	604 
112	564 
113	317 
114	819 
115	1130 
116	1148 
117	1097 
118	53 
119	1070 
120	168 
121	772 
122	665 
123	406 
124	665 
125	115 
126	368 
127	123 
128	130 
129	582 
130	894 
131	300 
132	1131 
133	798 
134	1038 
135	1032 
136	894 
137	462 
138	1081 
139	306 
140	470 
141	303 
142	712 
143	780 
144	121 
145	1052 
146	753 
147	751 
148	616 
149	108 
150	1058 
151	1002 
152	506 
153	570 
154	640 
155	270 
156	665 
157	71 
158	458 
159	488 
160	21 
161	395 
162	354 
163	220 
164	707 
165	659 
166	280 
167	49 
168	674 
169	552 
170	84 
171	439 
172	220 
173	1032 
174	475 
175	339 
176	998 
177	606 
178	510 
179	40 
180	316 
181	467 
182	852 
183	595 
184	863 
185	415 
186	128 
187	766 
188	56 
189	477 
190	688 
191	358 
192	993 
193	341 
194	76 
195	604 
196	690 
197	953 
198	488 
199	123 
200	148 
201	559 
202	707 
203	349 
204	550 
205	826 
206	1075 
207	1010 
208	626 
209	523 
210	1106 
211	784 
212	790 
213	1147 
214	32 
215	191 
216	979 
217	906 
218	341 
219	223 
220	107 
221	82 
222	542 
223	26 
224	139 
225	787 
226	597 
227	699 
228	791 
229	344 
230	556 
231	128 
232	449 
233	1125 
234	1091 
235	880 
236	684 
237	911 
238	190 
239	967 
240	378 
241	747 
242	158 
243	608 
244	1097 
245	781 
246	390 
247	805 
248	288 
249	644 
250	868 
251	1039 
252	819 
253	812 
254	136 
255	69 
256	953 
257	286 
258	392 
259	646 
260	92 
261	1039 
262	31 
263	150 
264	894 
265	596 
266	183 
267	395 
268	552 
269	954 
270	806 
271	1085 
272	118 
273	138 
274	371 
275	58 
276	967 
277	331 
278	920 
279	501 
280	302 
281	248 
282	114 
283	387 
284	439 
285	627 
286	349 
287	72 
288	653 
289	205 
290	349 
291	209 
292	893 
293	800 
294	10 
295	60 
296	709 
297	254 
298	710 
299	399 
300	1081 
301	538 
302	1019 
303	494 
304	1080 
305	296 
306	783 
307	1075 
308	79 
309	1125 
310	790 
311	331 
312	1095 
313	851 
314	860 
315	626 
316	1151 
317	374 
318	79 
319	457 
320	1035 
321	193 
322	253 
323	668 
324	398 
325	945 
326	810 
327	306 
328	511 
329	121 
330	260 
331	77 
332	49 
333	686 
334	531 
335	25 
336	787 
337	1091 
338	39 
339	527 
340	989 
341	1013 
342	919 
343	822 
344	250 
345	279 
346	342 
347	530 
348	450 
349	214 
350	453 
351	626 
352	414 
353	788 
354	904 
355	998 
356	171 
357	632 
358	341 
359	717 
360	911 
361	802 
362	69 
363	161 
364	883 
365	751 
366	629 
367	987 
368	395 
369	281 
370	1057 
371	777 
372	637 
373	628 
374	439 
375	207 
376	237 
377	213 
378	364 
379	220 
380	92 
381	1 
382	1025 
383	1090 
384	605 
385	963 
386	65 
387	237 
388	738 
389	5 
390	292 
391	121 
392	634 
393	550 
394	1096 
395	110 
396	960 
397	122 
398	338 
399	51 
400	655 
401	656 
402	762 
403	459 
404	396 
405	634 
406	443 
407	387 
408	388 
409	1024 
410	461 
411	563 
412	669 
413	432 
414	575 
415	701 
416	908 
417	162 
418	755 
419	242 
420	870 
421	392 
422	373 
423	378 
424	1040 
425	741 
426	243 
427	398 
428	1108 
429	260 
430	590 
431	215 
432	210 
433	46 
434	683 
435	881 
436	108 
437	66 
438	896 
439	144 
440	273 
441	64 
442	1130 
443	789 
444	447 
445	867 
446	1077 
447	665 
448	604 
449	256 
450	539 
451	616 
452	166 
453	927 
454	292 
455	959 
456	659 
457	386 
458	914 
459	1089 
460	480 
461	1104 
462	585 
463	667 
464	1149 
465	1096 
466	1018 
467	458 
468	825 
469	1130 
470	907 
471	734 
472	387 
473	264 
474	2 
475	396 
476	1149 
477	857 
478	322 
479	699 
480	1144 
481	545 
482	409 
483	247 
484	631 
485	162 
486	826 
487	843 
488	616 
489	302 
490	1034 
491	1133 
492	366 
493	222 
494	426 
495	511 
496	690 
497	1096 
498	636 
499	237 
500	973 
501	885 
502	821 
503	203 
504	164 
505	571 
506	76 
507	978 
508	73 
509	778 
510	529 
511	310 
512	723 
513	750 
514	957 
515	686 
516	516 
517	399 
518	55 
519	1065 
520	315 
521	97 
522	665 
523	884 
524	1143 
525	257 
526	643 
527	283 
528	708 
529	330 
530	1123 
531	414 
532	374 
533	529 
534	905 
535	1094 
536	811 
537	1019 
538	89 
539	611 
540	177 
541	984 
542	665 
543	884 
544	506 
545	415 
546	376 
547	626 
548	639 
549	334 
550	952 
551	278 
552	129 
553	776 
554	245 
555	874 
556	804 
557	766 
558	1001 
559	1004 
560	127 
561	415 
562	984 
563	510 
564	1022 
565	299 
566	1061 
567	269 
568	1124 
569	795 
570	666 
571	613 
572	1095 
573	177 
574	258 
575	832 
576	680 
577	425 
578	566 
579	364 
580	306 
581	50 
582	885 
583	1135 
584	666 
585	663 
586	850 
587	963 
588	481 
589	998 
590	371 
591	842 
592	256 
593	147 
594	75 
595	6 
596	643 
597	402 
598	543 
599	328 
600	1098 
601	338 
602	798 
603	224 
604	1023 
605	1147 
606	181 
607	705 
608	692 
609	990 
610	299 
611	531 
612	32 
613	111 
614	965 
615	996 
616	582 
617	944 
618	967 
619	346 
620	1135 
621	903 
622	807 
623	909 
624	151 
625	963 
626	850 
627	496 
628	850 
629	750 
630	357 
631	750 
632	805 
633	797 
634	515 
635	250 
636	116 
637	268 
638	850 
639	527 
640	305 
641	783 
642	658 
643	235 
644	2 
645	143 
646	147 
647	873 
648	832 
649	669 
650	668 
651	766 
652	515 
653	748 
654	395 
655	37 
656	988 
657	495 
658	288 
659	777 
660	955 
661	335 
662	222 
663	810 
664	127 
665	878 
666	412 
667	164 
668	869 
669	364 
670	1097 
671	1042 
672	514 
673	727 
674	696 
675	358 
676	946 
677	1101 
678	35 
679	989 
680	884 
681	792 
682	455 
683	1084 
684	278 
685	300 
686	720 
687	452 
688	929 
689	707 
690	380 
691	282 
692	1147 
693	462 
694	1031 
695	372 
696	53 
697	882 
698	399 
699	456 
700	827 
701	130 
702	436 
703	41 
704	723 
705	858 
706	980 
707	450 
708	916 
709	1009 
710	1031 
711	1087 
712	241 
713	189 
714	447 
715	594 
716	976 
717	984 
718	1015 
719	362 
720	344 
721	100 
722	815 
723	141 
724	601 
725	998 
726	837 
727	565 
728	25 
729	632 
730	291 
731	1106 
732	1152 
733	960 
734	351 
735	460 
736	690 
737	330 
738	1051 
739	1055 
740	547 
741	1064 
742	145 
743	949 
744	1039 
745	531 
746	869 
747	661 
748	840 
749	127 
750	243 
751	533 
752	99 
753	847 
754	550 
755	741 
756	126 
757	99 
758	821 
759	209 
760	107 
761	269 
762	382 
763	253 
764	908 
765	546 
766	602 
767	65 
768	460 
769	835 
770	536 
771	256 
772	608 
773	575 
774	689 
775	345 
776	44 
777	993 
778	173 
779	1119 
780	459 
781	481 
782	935 
783	375 
784	382 
785	1140 
786	137 
787	471 
788	1144 
789	494 
790	1074 
791	513 
792	401 
793	980 
794	505 
795	159 
796	542 
797	520 
798	955 
799	741 
800	839 
801	319 
802	257 
803	828 
804	234 
805	1048 
806	748 
807	796 
808	1038 
809	615 
810	832 
811	358 
812	202 
813	827 
814	510 
815	1056 
816	883 
817	698 
818	95 
819	812 
820	102 
821	545 
822	150 
823	625 
824	545 
825	285 
826	1055 
827	627 
828	908 
829	495 
830	371 
831	614 
832	60 
833	660 
834	359 
835	397 
836	1007 
837	662 
838	597 
839	714 
840	51 
841	677 
842	776 
843	54 
844	542 
845	432 
846	422 
847	124 
848	236 
849	227 
850	1142 
851	8 
852	968 
853	378 
854	269 
855	259 
856	1080 
857	327 
858	951 
859	111 
860	448 
861	1096 
862	456 
863	338 
864	389 
865	425 
866	344 
867	915 
868	455 
869	1044 
870	358 
871	1125 
872	170 
873	1091 
874	603 
875	127 
876	393 
877	193 
878	59 
879	1055 
880	796 
881	679 
882	703 
883	118 
884	954 
885	387 
886	48 
887	1056 
888	92 
889	1082 
890	115 
891	746 
892	678 
893	1151 
894	262 
895	966 
896	25 
897	848 
898	679 
899	628 
900	863 
901	889 
902	1058 
903	98 
904	342 
905	334 
906	100 
907	357 
908	241 
909	641 
910	400 
911	369 
912	1135 
913	349 
914	75 
915	113 
916	159 
917	1028 
918	728 
919	307 
920	476 
921	685 
922	41 
923	1021 
924	999 
925	860 
926	969 
927	224 
928	501 
929	376 
930	969 
931	1074 
932	321 
933	260 
934	1087 
935	860 
936	957 
937	239 
938	638 
939	696 
940	243 
941	1134 
942	951 
943	1080 
944	794 
945	758 
946	762 
947	115 
948	786 
949	857 
950	510 
951	951 
952	1040 
953	529 
954	957 
955	266 
956	536 
957	1047 
958	288 
959	940 
960	569 
961	975 
962	620 
963	1023 
964	836 
965	490 
966	555 
967	1114 
968	512 
969	543 
970	1113 
971	532 
972	315 
973	995 
974	919 
975	860 
976	801 
977	1144 
978	723 
979	641 
980	765 
981	705 
982	953 
983	1054 
984	16 
985	741 
986	450 
987	453 
988	960 
989	193 
990	420 
991	540 
992	48 
993	279 
994	882 
995	450 
996	428 
997	776 
998	932 
999	850 
1000	896 
1001	1000 
1002	1003 
1003	1098 
1004	361 
1005	868 
1006	1144 
1007	417 
1008	762 
1009	651 
1010	488 
1011	168 
1012	348 
1013	686 
1014	1098 
1015	414 
1016	32 
1017	914 
1018	287 
1019	414 
1020	964 
1021	421 
1022	202 
1023	1033 
1024	910 
1025	434 
1026	496 
1027	533 
1028	214 
1029	1089 
1030	398 
1031	410 
1032	216 
1033	464 
1034	258 
1035	624 
1036	180 
1037	936 
1038	136 
1039	254 
1040	10 
1041	1051 
1042	1107 
1043	290 
1044	50 
1045	49 
1046	1040 
1047	737 
1048	943 
1049	1007 
1050	393 
1051	206 
1052	964 
1053	1018 
1054	1040 
1055	604 
1056	1152 
1057	579 
1058	1079 
1059	33 
1060	676 
1061	893 
1062	736 
1063	438 
1064	241 
1065	444 
1066	1142 
1067	169 
1068	968 
1069	741 
1070	224 
1071	637 
1072	776 
1073	267 
1074	107 
1075	899 
1076	594 
1077	592 
1078	169 
1079	39 
1080	791 
1081	1038 
1082	483 
1083	736 
1084	719 
1085	988 
1086	795 
1087	800 
1088	563 
1089	1001 
1090	741 
1091	100 
1092	682 
1093	822 
1094	986 
1095	940 
1096	913 
1097	799 
1098	34 
1099	854 
1100	397 
1101	103 
1102	789 
1103	650 
1104	877 
1105	823 
1106	627 
1107	385 
1108	967 
1109	645 
1110	1072 
1111	955 
1112	776 
1113	738 
1114	581 
1115	958 
1116	656 
1117	257 
1118	471 
1119	849 
1120	267 
1121	461 
1122	88 
1123	756 
1124	70 
1125	42 
1126	515 
1127	6 
1128	664 
1129	77 
1130	1017 
1131	169 
1132	1027 
1133	994 
1134	1059 
1135	993 
1136	712 
1137	307 
1138	209 
1139	796 
1140	1062 
1141	1091 
1142	94 
1143	588 
1144	766 
1145	112 
1146	723 
1147	19 
1148	521 
1149	186 
1150	376 
1151	483 
1152	1129 
1153	30 
1154	394 
1155	953 
1156	895 
1157	1147 
1158	737 
1159	1065 
1160	256 
1161	899 
1162	518 
1163	290 
1164	1029 
1165	811 
1166	432 
1167	200 
1168	212 
1169	301 
1170	1124 
1171	690 
1172	814 
1173	491 
1174	699 
1175	570 
1176	830 
1177	59 
1178	195 
1179	1075 
1180	462 
1181	600 
1182	284 
1183	183 
1184	880 
1185	787 
1186	416 
1187	1120 
1188	10 
1189	1086 
1190	1076 
1191	609 
1192	998 
1193	158 
1194	155 
1195	741 
1196	80 
1197	1144 
1198	832 
1199	546 
1200	436 
1201	660 
1202	714 
1203	675 
1204	1144 
1205	722 
1206	331 
1207	108 
1208	460 
1209	221 
1210	765 
1211	1012 
1212	317 
1213	80 
1214	456 
1215	598 
1216	601 
1217	157 
1218	530 
1219	584 
1220	960 
1221	781 
1222	780 
1223	58 
1224	1045 
1225	1152 
1226	443 
1227	581 
1228	1114 
1229	99 
1230	994 
1231	815 
1232	1128 
1233	408 
1234	358 
1235	305 
1236	378 
1237	796 
1238	126 
1239	330 
1240	125 
1241	795 
1242	778 
1243	200 
1244	104 
1245	947 
1246	370 
1247	257 
1248	803 
1249	3 
1250	479 
1251	1089 
1252	1055 
1253	631 
1254	269 
1255	311 
1256	532 
1257	994 
1258	826 
1259	622 
1260	1141 
1261	830 
1262	233 
1263	727 
1264	846 
1265	270 
1266	805 
1267	66 
1268	341 
1269	16 
1270	890 
1271	832 
1272	623 
1273	540 
1274	361 
1275	622 
1276	1072 
1277	460 
1278	336 
1279	686 
1280	1112 
1281	1100 
1282	218 
1283	113 
1284	730 
1285	961 
1286	97 
1287	538 
1288	717 
1289	6 
1290	696 
1291	349 
1292	982 
1293	84 
1294	626 
1295	735 
1296	286 
1297	577 
1298	951 
1299	462 
1300	1145 
1301	37 
1302	625 
1303	88 
1304	560 
1305	293 
1306	839 
1307	792 
1308	1066 
1309	839 
1310	1038 
1311	719 
1312	136 
1313	1150 
1314	1071 
1315	910 
1316	342 
1317	698 
1318	517 
1319	125 
1320	34 
1321	127 
1322	594 
1323	771 
1324	448 
1325	783 
1326	1108 
1327	941 
1328	1139 
1329	278 
1330	1130 
1331	86 
1332	1093 
1333	664 
1334	428 
1335	485 
1336	645 
1337	551 
1338	1061 
1339	628 
1340	964 
1341	820 
1342	561 
1343	155 
1344	753 
1345	79 
1346	904 
1347	255 
1348	1001 
1349	133 
1350	84 
1351	266 
1352	498 
1353	26 
1354	772 
1355	795 
1356	481 
1357	810 
1358	660 
1359	117 
1360	791 
1361	570 
1362	47 
1363	1009 
1364	652 
1365	640 
1366	747 
1367	501 
1368	540 
1369	339 
1370	1066 
1371	249 
1372	786 
1373	52 
1374	432 
1375	335 
1376	302 
1377	269 
1378	644 
1379	266 
1380	739 
1381	445 
1382	636 
1383	893 
1384	1136 
1385	244 
1386	561 
1387	705 
1388	272 
1389	1117 
1390	287 
1391	812 
1392	343 
1393	620 
1394	39 
1395	1037 
1396	871 
1397	499 
1398	1105 
1399	1052 
1400	963 
1401	636 
1402	1068 
1403	697 
1404	1009 
1405	983 
1406	861 
1407	1096 
1408	1129 
1409	425 
1410	62 
1411	75 
1412	822 
1413	211 
1414	116 
1415	1079 
1416	939 
1417	202 
1418	788 
1419	1088 
1420	1151 
1421	676 
1422	765 
1423	932 
1424	552 
1425	442 
1426	304 
1427	943 
1428	678 
1429	314 
1430	571 
1431	515 
1432	48 
1433	300 
1434	689 
1435	1062 
1436	826 
1437	505 
1438	989 
1439	332 
1440	654 
1441	1103 
1442	837 
1443	639 
1444	317 
1445	699 
1446	699 
1447	513 
1448	563 
1449	640 
1450	629 
1451	1112 
1452	22 
1453	381 
1454	1089 
1455	876 
1456	1151 
1457	331 
1458	963 
1459	1062 
1460	264 
1461	1064 
1462	906 
1463	70 
1464	322 
1465	1078 
1466	602 
1467	796 
1468	871 
1469	634 
1470	183 
1471	252 
1472	621 
1473	1151 
1474	62 
1475	880 
1476	457 
1477	917 
1478	760 
1479	851 
1480	155 
1481	538 
1482	952 
1483	751 
1484	292 
1485	25 
1486	686 
1487	730 
1488	885 
1489	376 
1490	236 
1491	653 
1492	649 
1493	26 
1494	1058 
1495	749 
1496	46 
1497	428 
1498	640 
1499	481 
1500	431 
1501	190 
1502	1043 
1503	5 
1504	931 
1505	376 
1506	461 
1507	282 
1508	165 
1509	653 
1510	1095 
1511	11 
1512	442 
1513	751 
1514	954 
1515	79 
1516	758 
1517	355 
1518	69 
1519	1 
1520	636 
1521	643 
1522	669 
1523	3 
1524	885 
1525	510 
1526	708 
1527	495 
1528	456 
1529	634 
1530	115 
1531	649 
1532	446 
1533	307 
1534	48 
1535	1095 
1536	499 
1537	765 
1538	229 
1539	1066 
1540	838 
1541	123 
1542	358 
1543	830 
1544	546 
1545	1064 
1546	640 
1547	276 
1548	773 
1549	899 
1550	450 
1551	1013 
1552	29 
1553	250 
1554	848 
1555	874 
1556	949 
1557	794 
1558	379 
1559	250 
1560	543 
1561	347 
1562	6 
1563	337 
1564	1152 
1565	870 
1566	417 
1567	677 
1568	368 
1569	287 
1570	601 
1571	989 
1572	475 
1573	779 
1574	611 
1575	722 
1576	1083 
1577	942 
1578	217 
1579	882 
1580	982 
1581	79 
1582	39 
1583	941 
1584	243 
1585	608 
1586	960 
1587	716 
1588	141 
1589	281 
1590	564 
1591	227 
1592	555 
1593	414 
1594	442 
1595	26 
1596	391 
1597	717 
1598	478 
1599	637 
1600	596 
1601	359 
1602	747 
1603	1086 
1604	992 
1605	778 
1606	819 
1607	976 
1608	1079 
1609	536 
1610	241 
1611	435 
1612	359 
1613	378 
1614	258 
1615	497 
1616	713 
1617	854 
1618	798 
1619	981 
1620	457 
1621	1026 
1622	1011 
1623	121 
1624	1010 
1625	800 
1626	860 
1627	40 
1628	1106 
1629	290 
1630	521 
1631	754 
1632	1080 
1633	903 
1634	216 
1635	546 
1636	511 
1637	122 
1638	357 
1639	1021 
1640	653 
1641	275 
1642	1028 
1643	562 
1644	722 
1645	411 
1646	778 
1647	281 
1648	319 
1649	510 
1650	927 
1651	315 
1652	783 
1653	430 
1654	677 
1655	146 
1656	781 
1657	465 
1658	736 
1659	256 
1660	327 
1661	542 
1662	744 
1663	1126 
1664	1028 
1665	987 
1666	115 
1667	273 
1668	278 
1669	532 
1670	254 
1671	458 
1672	107 
1673	107 
1674	739 
1675	299 
1676	500 
1677	531 
1678	238 
1679	418 
1680	536 
1681	384 
1682	75 
1683	157 
1684	170 
1685	258 
1686	683 
1687	272 
1688	671 
1689	857 
1690	317 
1691	769 
1692	594 
1693	467 
1694	329 
1695	869 
1696	947 
1697	460 
1698	449 
1699	520 
1700	115 
1701	461 
1702	513 
1703	761 
1704	609 
1705	592 
1706	410 
1707	1000 
1708	949 
1709	1101 
1710	570 
1711	882 
1712	95 
1713	634 
1714	1074 
1715	316 
1716	79 
1717	371 
1718	981 
1719	358 
1720	199 
1721	240 
1722	178 
1723	631 
1724	766 
1725	191 
1726	526 
1727	501 
1728	583 
1729	141 
1730	1035 
1731	854 
1732	355 
1733	1008 
1734	920 
1735	628 
1736	818 
1737	596 
1738	608 
1739	1112 
1740	247 
1741	844 
1742	1045 
1743	914 
1744	246 
1745	253 
1746	420 
1747	281 
1748	1075 
1749	279 
1750	473 
1751	838 
1752	377 
1753	593 
1754	254 
1755	140 
1756	795 
1757	916 
1758	706 
1759	637 
1760	618 
1761	550 
1762	1139 
1763	954 
1764	181 
1765	446 
1766	317 
1767	1 
1768	321 
1769	1074 
1770	1139 
1771	376 
1772	822 
1773	1130 
1774	994 
1775	310 
1776	780 
1777	1096 
1778	161 
1779	1096 
1780	920 
1781	658 
1782	884 
1783	258 
1784	316 
1785	200 
1786	6 
1787	195 
1788	219 
1789	1011 
1790	1046 
1791	280 
1792	561 
1793	711 
1794	527 
1795	952 
1796	504 
1797	446 
1798	139 
1799	321 
1800	75 
1801	534 
1802	424 
1803	324 
1804	196 
1805	660 
1806	240 
1807	540 
1808	330 
1809	988 
1810	528 
1811	743 
1812	674 
1813	1058 
1814	33 
1815	416 
1816	458 
1817	651 
1818	584 
1819	342 
1820	115 
1821	759 
1822	138 
1823	12 
1824	612 
1825	912 
1826	510 
1827	46 
1828	321 
1829	887 
1830	321 
1831	804 
1832	907 
1833	687 
1834	614 
1835	106 
1836	685 
1837	1125 
1838	597 
1839	266 
1840	496 
1841	483 
1842	807 
1843	666 
1844	837 
1845	373 
1846	628 
1847	390 
1848	590 
1849	712 
1850	546 
1851	1030 
1852	326 
1853	39 
1854	894 
1855	450 
1856	476 
1857	1035 
1858	798 
1859	529 
1860	502 
1861	274 
1862	129 
1863	628 
1864	1046 
1865	1063 
1866	605 
1867	1138 
1868	1010 
1869	394 
1870	146 
1871	1046 
1872	183 
1873	771 
1874	631 
1875	914 
1876	784 
1877	796 
1878	538 
1879	498 
1880	531 
1881	1090 
1882	107 
1883	161 
1884	352 
1885	462 
1886	31 
1887	1083 
1888	636 
1889	947 
1890	64 
1891	1019 
1892	979 
1893	826 
1894	426 
1895	308 
1896	540 
1897	952 
1898	25 
1899	15 
1900	641 
1901	488 
1902	973 
1903	164 
1904	996 
1905	72 
1906	712 
1907	89 
1908	594 
1909	706 
1910	355 
1911	934 
1912	427 
1913	278 
1914	860 
1915	136 
1916	1108 
1917	880 
1918	415 
1919	1118 
1920	712 
1921	283 
1922	439 
1923	107 
1924	498 
1925	1084 
1926	686 
1927	460 
1928	829 
1929	460 
1930	927 
1931	677 
1932	15 
1933	622 
1934	420 
1935	909 
1936	917 
1937	577 
1938	954 
1939	198 
1940	243 
1941	547 
1942	100 
1943	256 
1944	795 
1945	1134 
1946	239 
1947	274 
1948	538 
1949	1081 
1950	625 
1951	123 
1952	329 
1953	1030 
1954	1014 
1955	597 
1956	1038 
1957	46 
1958	888 
1959	766 
1960	1145 
1961	345 
1962	866 
1963	368 
1964	92 
1965	19 
1966	261 
1967	708 
1968	335 
1969	38 
1970	536 
1971	103 
1972	167 
1973	396 
1974	258 
1975	731 
1976	455 
1977	601 
1978	56 
1979	373 
1980	967 
1981	412 
1982	38 
1983	561 
1984	968 
1985	154 
1986	1100 
1987	974 
1988	1017 
1989	492 
1990	241 
1991	865 
1992	146 
1993	1046 
1994	341 
1995	204 
1996	405 
1997	480 
1998	339 
1999	482 
2000	671 
2001	327 
2002	884 
2003	644 
2004	147 
2005	88 
2006	741 
2007	1111 
2008	156 
2009	522 
2010	495 
2011	451 
2012	669 
2013	433 
2014	56 
2015	1145 
2016	109 
2017	1104 
2018	1151 
2019	263 
2020	1099 
2021	600 
2022	278 
2023	171 
2024	43 
2025	855 
2026	418 
2027	102 
2028	857 
2029	278 
2030	798 
2031	114 
2032	979 
2033	448 
2034	1147 
2035	316 
2036	822 
2037	575 
2038	1106 
2039	787 
2040	979 
2041	254 
2042	247 
2043	8 
2044	1142 
2045	697 
2046	1063 
2047	494 
2048	671 
2049	787 
2050	661 
2051	674 
2052	549 
2053	95 
2054	548 
2055	346 
2056	1135 
2057	381 
2058	708 
2059	286 
2060	149 
2061	915 
2062	32 
2063	514 
2064	69 
2065	288 
2066	394 
2067	469 
2068	266 
2069	533 
2070	95 
2071	447 
2072	292 
2073	596 
2074	1004 
2075	339 
2076	887 
2077	63 
2078	159 
2079	363 
2080	40 
2081	672 
2082	1070 
2083	584 
2084	864 
2085	947 
2086	734 
2087	791 
2088	650 
2089	633 
2090	214 
2091	306 
2092	329 
2093	558 
2094	344 
2095	407 
2096	238 
2097	585 
2098	392 
2099	909 
2100	819 
2101	1084 
2102	270 
2103	432 
2104	15 
2105	30 
2106	415 
2107	1053 
2108	114 
2109	247 
2110	99 
2111	765 
2112	1056 
2113	39 
2114	422 
2115	50 
2116	545 
2117	97 
2118	514 
2119	575 
2120	508 
2121	100 
2122	531 
2123	617 
2124	103 
2125	666 
2126	750 
2127	778 
2128	49 
2129	664 
2130	510 
2131	689 
2132	879 
2133	793 
2134	1027 
2135	643 
2136	938 
2137	697 
2138	34 
2139	35 
2140	790 
2141	138 
2142	798 
2143	426 
2144	9 
2145	1019 
2146	1131 
2147	223 
2148	731 
2149	179 
2150	982 
2151	524 
2152	895 
2153	992 
2154	467 
2155	1028 
2156	811 
2157	792 
2158	679 
2159	162 
2160	1007 
2161	703 
2162	630 
2163	744 
2164	965 
2165	260 
2166	1135 
2167	130 
2168	1084 
2169	788 
2170	526 
2171	779 
2172	192 
2173	76 
2174	155 
2175	644 
2176	538 
2177	545 
2178	904 
2179	1105 
2180	101 
2181	1023 
2182	596 
2183	562 
2184	385 
2185	971 
2186	1106 
2187	62 
2188	669 
2189	871 
2190	288 
2191	984 
2192	187 
2193	499 
2194	1113 
2195	432 
2196	582 
2197	430 
2198	146 
2199	290 
2200	815 
2201	295 
2202	453 
2203	799 
2204	308 
2205	699 
2206	1052 
2207	328 
2208	152 
2209	874 
2210	446 
2211	562 
2212	532 
2213	443 
2214	627 
2215	285 
2216	427 
2217	552 
2218	854 
2219	692 
2220	308 
2221	524 
2222	135 
2223	618 
2224	487 
2225	335 
2226	709 
2227	341 
2228	80 
2229	12 
2230	1124 
2231	417 
2232	1069 
2233	945 
2234	481 
2235	1108 
2236	218 
2237	536 
2238	42 
2239	788 
2240	222 
2241	556 
2242	638 
2243	709 
2244	514 
2245	135 
2246	831 
2247	65 
2248	569 
2249	1042 
2250	857 
2251	502 
2252	450 
2253	268 
2254	486 
2255	1082 
2256	815 
2257	889 
2258	569 
2259	673 
2260	120 
2261	19 
2262	860 
2263	751 
2264	28 
2265	462 
2266	13 
2267	194 
2268	452 
2269	142 
2270	514 
2271	109 
2272	651 
2273	364 
2274	266 
2275	130 
2276	67 
2277	20 
2278	126 
2279	1030 
2280	1034 
2281	625 
2282	258 
2283	745 
2284	799 
2285	1028 
2286	559 
2287	158 
2288	897 
2289	757 
2290	719 
2291	890 
2292	495 
2293	100 
2294	356 
2295	466 
2296	317 
2297	315 
2298	1094 
2299	305 
2300	619 
2301	48 
2302	128 
2303	37 
2304	644 
2305	115 
2306	584 
2307	590 
2308	1029 
2309	1047 
2310	1096 
2311	221 
2312	654 
2313	644 
2314	1105 
2315	3 
2316	647 
2317	417 
2318	107 
2319	704 
2320	1048 
2321	367 
2322	193 
2323	789 
2324	950 
2325	1095 
2326	654 
2327	239 
2328	724 
2329	1094 
2330	528 
2331	479 
2332	464 
2333	83 
2334	26 
2335	1020 
2336	773 
2337	445 
2338	453 
2339	100 
2340	284 
2341	722 
2342	940 
2343	1051 
2344	96 
2345	730 
2346	268 
2347	878 
2348	1087 
2349	757 
2350	121 
2351	700 
2352	316 
2353	747 
2354	943 
2355	782 
2356	462 
2357	1058 
2358	964 
2359	330 
2360	396 
2361	779 
2362	901 
2363	812 
2364	385 
2365	1138 
2366	8 
2367	352 
2368	43 
2369	291 
2370	909 
2371	813 
2372	330 
2373	328 
2374	1029 
2375	239 
2376	678 
2377	436 
2378	429 
2379	789 
2380	138 
2381	276 
2382	483 
2383	160 
2384	240 
2385	546 
2386	848 
2387	135 
2388	148 
2389	166 
2390	1147 
2391	19 
2392	573 
2393	865 
2394	923 
2395	1048 
2396	325 
2397	168 
2398	131 
2399	316 
2400	999 
2401	885 
2402	252 
2403	295 
2404	95 
2405	720 
2406	425 
2407	1143 
2408	1025 
2409	311 
2410	585 
2411	848 
2412	152 
2413	733 
2414	1106 
2415	45 
2416	699 
2417	262 
2418	717 
2419	460 
2420	167 
2421	5 
2422	893 
2423	495 
2424	353 
2425	1082 
2426	377 
2427	212 
2428	1130 
2429	11 
2430	482 
2431	1105 
2432	100 
2433	562 
2434	1089 
2435	1131 
2436	686 
2437	420 
2438	889 
2439	160 
2440	603 
2441	8 
2442	156 
2443	133 
2444	1117 
2445	581 
2446	1082 
2447	997 
2448	1006 
2449	147 
2450	75 
2451	680 
2452	140 
2453	447 
2454	226 
2455	865 
2456	1117 
2457	849 
2458	250 
2459	990 
2460	783 
2461	636 
2462	924 
2463	855 
2464	849 
2465	766 
2466	299 
2467	208 
2468	603 
2469	849 
2470	188 
2471	1026 
2472	855 
2473	552 
2474	42 
2475	1104 
2476	488 
2477	264 
2478	1116 
2479	704 
2480	1116 
2481	1056 
2482	489 
2483	278 
2484	20 
2485	888 
2486	559 
2487	424 
2488	560 
2489	414 
2490	888 
2491	574 
2492	1098 
2493	1045 
2494	156 
2495	1070 
2496	207 
2497	953 
2498	381 
2499	1080 
2500	100 
2501	664 
2502	298 
2503	355 
2504	698 
2505	327 
2506	1135 
2507	292 
2508	107 
2509	647 
2510	115 
2511	456 
2512	466 
2513	1053 
2514	175 
2515	267 
2516	989 
2517	783 
2518	479 
2519	1009 
2520	533 
2521	833 
2522	644 
2523	643 
2524	923 
2525	685 
2526	417 
2527	840 
2528	805 
2529	1082 
2530	873 
2531	611 
2532	206 
2533	410 
2534	788 
2535	65 
2536	763 
2537	619 
2538	646 
2539	343 
2540	109 
2541	990 
2542	1005 
2543	71 
2544	758 
2545	257 
2546	618 
2547	10 
2548	280 
2549	848 
2550	257 
2551	145 
2552	888 
2553	80 
2554	536 
2555	86 
2556	690 
2557	221 
2558	144 
2559	813 
2560	819 
2561	1141 
2562	1027 
2563	597 
2564	459 
2565	940 
2566	145 
2567	1058 
2568	237 
2569	838 
2570	141 
2571	936 
2572	718 
2573	991 
2574	344 
2575	65 
2576	209 
2577	791 
2578	390 
2579	477 
2580	711 
2581	420 
2582	976 
2583	678 
2584	1032 
2585	8 
2586	752 
2587	1057 
2588	411 
2589	485 
2590	627 
2591	759 
2592	901 
2593	575 
2594	571 
2595	34 
2596	480 
2597	292 
2598	918 
2599	857 
2600	116 
2601	707 
2602	453 
2603	906 
2604	47 
2605	504 
2606	172 
2607	1059 
2608	592 
2609	506 
2610	776 
2611	1136 
2612	870 
2613	809 
2614	597 
2615	861 
2616	444 
2617	617 
2618	238 
2619	609 
2620	539 
2621	797 
2622	27 
2623	889 
2624	58 
2625	715 
2626	384 
2627	198 
2628	1025 
2629	146 
2630	872 
2631	461 
2632	344 
2633	836 
2634	969 
2635	268 
2636	539 
2637	894 
2638	273 
2639	1090 
2640	1117 
2641	628 
2642	893 
2643	608 
2644	404 
2645	1112 
2646	210 
2647	568 
2648	772 
2649	64 
2650	489 
2651	1098 
2652	1006 
2653	693 
2654	433 
2655	32 
2656	416 
2657	269 
2658	864 
2659	802 
2660	723 
2661	487 
2662	250 
2663	1019 
2664	35 
2665	481 
2666	666 
2667	571 
2668	1039 
2669	234 
2670	675 
2671	1112 
2672	23 
2673	174 
2674	601 
2675	1041 
2676	1046 
2677	54 
2678	852 
2679	204 
2680	154 
2681	59 
2682	236 
2683	734 
2684	506 
2685	25 
2686	614 
2687	201 
2688	78 
2689	116 
2690	280 
2691	345 
2692	525 
2693	680 
2694	549 
2695	996 
2696	396 
2697	1141 
2698	988 
2699	1037 
2700	966 
2701	1007 
2702	27 
2703	148 
2704	1056 
2705	657 
2706	321 
2707	573 
2708	256 
2709	1035 
2710	161 
2711	450 
2712	298 
2713	882 
2714	580 
2715	342 
2716	478 
2717	645 
2718	346 
2719	351 
2720	687 
2721	241 
2722	394 
2723	953 
2724	831 
2725	277 
2726	1084 
2727	594 
2728	457 
2729	1017 
2730	1108 
2731	1026 
2732	647 
2733	621 
2734	32 
2735	531 
2736	302 
2737	906 
2738	261 
2739	214 
2740	922 
2741	887 
2742	661 
2743	295 
2744	532 
2745	695 
2746	701 
2747	1063 
2748	464 
2749	791 
2750	345 
2751	1038 
2752	267 
2753	1090 
2754	381 
2755	25 
2756	868 
2757	52 
2758	191 
2759	938 
2760	902 
2761	971 
2762	1114 
2763	894 
2764	1089 
2765	371 
2766	844 
2767	638 
2768	664 
2769	979 
2770	657 
2771	794 
2772	570 
2773	796 
2774	261 
2775	436 
2776	613 
2777	701 
2778	878 
2779	667 
2780	855 
2781	1051 
2782	789 
2783	380 
2784	641 
2785	377 
2786	920 
2787	532 
2788	1068 
2789	1078 
2790	1101 
2791	439 
2792	1022 
2793	972 
2794	825 
2795	243 
2796	202 
2797	27 
2798	305 
2799	882 
2800	246 
2801	350 
2802	962 
2803	922 
2804	402 
2805	654 
2806	905 
2807	166 
2808	967 
2809	626 
2810	469 
2811	905 
2812	649 
2813	816 
2814	1118 
2815	1121 
2816	388 
2817	998 
2818	374 
2819	763 
2820	275 
2821	821 
2822	822 
2823	494 
2824	708 
2825	800 
2826	1120 
2827	824 
2828	1112 
2829	416 
2830	342 
2831	526 
2832	285 
2833	1149 
2834	57 
2835	674 
2836	786 
2837	152 
2838	1057 
2839	975 
2840	211 
2841	71 
2842	649 
2843	355 
2844	722 
2845	601 
2846	135 
2847	526 
2848	323 
2849	288 
2850	984 
2851	875 
2852	657 
2853	455 
2854	425 
2855	45 
2856	196 
2857	549 
2858	712 
2859	391 
2860	420 
2861	671 
2862	917 
2863	813 
2864	835 
2865	627 
2866	198 
2867	68 
2868	245 
2869	321 
2870	19 
2871	177 
2872	163 
2873	309 
2874	593 
2875	267 
2876	27 
2877	201 
2878	1101 
2879	812 
2880	254 
2881	833 
2882	27 
2883	515 
2884	476 
2885	735 
2886	372 
2887	44 
2888	1031 
2889	696 
2890	855 
2891	523 
2892	560 
2893	52 
2894	390 
2895	631 
2896	439 
2897	1051 
2898	995 
2899	510 
2900	1049 
2901	494 
2902	500 
2903	685 
2904	232 
2905	1098 
2906	624 
2907	953 
2908	99 
2909	1126 
2910	241 
2911	451 
2912	778 
2913	99 
2914	169 
2915	599 
2916	994 
2917	108 
2918	589 
2919	1091 
2920	212 
2921	788 
2922	3 
2923	194 
2924	221 
2925	321 
2926	874 
2927	45 
2928	1050 
2929	1039 
2930	812 
2931	119 
2932	622 
2933	18 
2934	176 
2935	1040 
2936	783 
2937	1076 
2938	723 
2939	644 
2940	616 
2941	683 
2942	495 
2943	630 
2944	833 
2945	1039 
2946	262 
2947	386 
2948	275 
2949	860 
2950	783 
2951	1114 
2952	313 
2953	266 
2954	1122 
2955	873 
2956	818 
2957	173 
2958	410 
2959	930 
2960	176 
2961	644 
2962	1035 
2963	969 
2964	480 
2965	23 
2966	1102 
2967	990 
2968	121 
2969	268 
2970	804 
2971	154 
2972	437 
2973	1080 
2974	1015 
2975	665 
2976	349 
2977	496 
2978	636 
2979	833 
2980	660 
2981	24 
2982	1141 
2983	852 
2984	743 
2985	1102 
2986	152 
2987	899 
2988	324 
2989	987 
2990	741 
2991	526 
2992	726 
2993	857 
2994	1152 
2995	851 
2996	587 
2997	232 
2998	630 
2999	69 
3000	1 
3001	550 
3002	632 
3003	792 
3004	418 
3005	760 
3006	175 
3007	533 
3008	458 
3009	222 
3010	346 
3011	678 
3012	671 
3013	876 
3014	651 
3015	896 
3016	188 
3017	653 
3018	154 
3019	778 
3020	299 
3021	1007 
3022	992 
3023	941 
3024	214 
3025	294 
3026	225 
3027	900 
3028	1117 
3029	572 
3030	254 
3031	1014 
3032	514 
3033	971 
3034	1148 
3035	1009 
3036	948 
3037	1088 
3038	822 
3039	1089 
3040	1023 
3041	75 
3042	1062 
3043	1082 
3044	63 
3045	301 
3046	1077 
3047	431 
3048	261 
3049	590 
3050	414 
3051	978 
3052	317 
3053	394 
3054	1006 
3055	766 
3056	838 
3057	186 
3058	398 
3059	1026 
3060	817 
3061	1106 
3062	552 
3063	787 
3064	1128 
3065	54 
3066	866 
3067	792 
3068	874 
3069	622 
3070	371 
3071	552 
3072	139 
3073	841 
3074	502 
3075	536 
3076	557 
3077	1078 
3078	176 
3079	819 
3080	450 
3081	313 
3082	567 
3083	512 
3084	565 
3085	120 
3086	468 
3087	597 
3088	736 
3089	1081 
3090	269 
3091	544 
3092	19 
3093	1115 
3094	923 
3095	678 
3096	390 
3097	210 
3098	4 
3099	57 
3100	469 
3101	994 
3102	892 
3103	591 
3104	571 
3105	380 
3106	523 
3107	212 
3108	270 
3109	84 
3110	897 
3111	997 
3112	938 
3113	1127 
3114	199 
3115	317 
3116	634 
3117	417 
3118	518 
3119	385 
3120	741 
3121	94 
3122	1148 
3123	574 
3124	576 
3125	291 
3126	202 
3127	353 
3128	708 
3129	471 
3130	970 
3131	385 
3132	889 
3133	914 
3134	898 
3135	437 
3136	634 
3137	61 
3138	92 
3139	501 
3140	92 
3141	538 
3142	349 
3143	575 
3144	88 
3145	637 
3146	184 
3147	394 
3148	1031 
3149	774 
3150	1109 
3151	155 
3152	448 
3153	289 
3154	911 
3155	195 
3156	501 
3157	1047 
3158	238 
3159	1040 
3160	637 
3161	48 
3162	737 
3163	785 
3164	81 
3165	631 
3166	1025 
3167	583 
3168	355 
3169	74 
3170	430 
3171	330 
3172	799 
3173	104 
3174	1151 
3175	957 
3176	576 
3177	582 
3178	857 
3179	623 
3180	61 
3181	432 
3182	793 
3183	622 
3184	342 
3185	1001 
3186	862 
3187	805 
3188	485 
3189	398 
3190	776 
3191	1069 
3192	299 
3193	1091 
3194	257 
3195	339 
3196	193 
3197	1060 
3198	998 
3199	325 
3200	534 
3201	687 
3202	722 
3203	356 
3204	1044 
3205	107 
3206	582 
3207	105 
3208	873 
3209	1109 
3210	660 
3211	761 
3212	480 
3213	158 
3214	628 
3215	787 
3216	125 
3217	1108 
3218	867 
3219	718 
3220	75 
3221	843 
3222	1151 
3223	686 
3224	89 
3225	1132 
3226	23 
3227	491 
3228	810 
3229	936 
3230	710 
3231	413 
3232	868 
3233	406 
3234	713 
3235	1042 
3236	132 
3237	449 
3238	949 
3239	164 
3240	951 
3241	1120 
3242	1118 
3243	639 
3244	1089 
3245	430 
3246	326 
3247	1005 
3248	175 
3249	601 
3250	596 
3251	59 
3252	798 
3253	1152 
3254	1018 
3255	191 
3256	851 
3257	1016 
3258	1127 
3259	660 
3260	930 
3261	854 
3262	196 
3263	887 
3264	707 
3265	998 
3266	94 
3267	576 
3268	94 
3269	1109 
3270	1123 
3271	793 
3272	312 
3273	635 
3274	321 
3275	1150 
3276	532 
3277	683 
3278	533 
3279	677 
3280	702 
3281	436 
3282	622 
3283	150 
3284	350 
3285	1042 
3286	578 
3287	1001 
3288	931 
3289	877 
3290	76 
3291	550 
3292	610 
3293	297 
3294	394 
3295	1039 
3296	417 
3297	1135 
3298	153 
3299	138 
3300	346 
3301	165 
3302	1059 
3303	669 
3304	539 
3305	275 
3306	886 
3307	171 
3308	1065 
3309	965 
3310	963 
3311	461 
3312	249 
3313	42 
3314	641 
3315	1101 
3316	859 
3317	1054 
3318	91 
3319	720 
3320	342 
3321	183 
3322	1065 
3323	847 
3324	808 
3325	293 
3326	716 
3327	790 
3328	105 
3329	327 
3330	1026 
3331	646 
3332	465 
3333	299 
3334	342 
3335	892 
3336	414 
3337	851 
3338	1 
3339	752 
3340	639 
3341	35 
3342	1125 
3343	258 
3344	876 
3345	580 
3346	311 
3347	808 
3348	104 
3349	1069 
3350	1074 
3351	106 
3352	769 
3353	223 
3354	66 
3355	1140 
3356	496 
3357	324 
3358	1069 
3359	594 
3360	1000 
3361	212 
3362	717 
3363	900 
3364	671 
3365	271 
3366	1023 
3367	914 
3368	785 
3369	172 
3370	1097 
3371	591 
3372	705 
3373	1039 
3374	776 
3375	712 
3376	947 
3377	849 
3378	121 
3379	1151 
3380	590 
3381	325 
3382	702 
3383	729 
3384	254 
3385	74 
3386	42 
3387	205 
3388	183 
3389	620 
3390	915 
3391	246 
3392	250 
3393	236 
3394	931 
3395	481 
3396	1126 
3397	350 
3398	285 
3399	167 
3400	287 
3401	1128 
3402	297 
3403	1117 
3404	549 
3405	646 
3406	334 
3407	919 
3408	1085 
3409	455 
3410	729 
3411	1145 
3412	752 
3413	67 
3414	858 
3415	568 
3416	74 
3417	636 
3418	596 
3419	327 
3420	83 
3421	398 
3422	291 
3423	141 
3424	942 
3425	449 
3426	60 
3427	1145 
3428	364 
3429	796 
3430	540 
3431	145 
3432	1111 
3433	106 
3434	255 
3435	380 
3436	263 
3437	74 
3438	571 
3439	1127 
3440	226 
3441	235 
3442	632 
3443	623 
3444	562 
3445	767 
3446	93 
3447	199 
3448	545 
3449	770 
3450	322 
3451	88 
3452	798 
3453	490 
3454	273 
3455	65 
3456	417 
3457	249 
3458	316 
3459	207 
3460	518 
3461	124 
3462	73 
3463	103 
3464	15 
3465	740 
3466	460 
3467	1035 
3468	85 
3469	130 
3470	501 
3471	88 
3472	1055 
3473	1007 
3474	902 
3475	30 
3476	659 
3477	494 
3478	120 
3479	208 
3480	146 
3481	127 
3482	869 
3483	258 
3484	580 
3485	665 
3486	383 
3487	351 
3488	437 
3489	97 
3490	172 
3491	273 
3492	857 
3493	368 
3494	399 
3495	794 
3496	991 
3497	295 
3498	595 
3499	371 
3500	315 
3501	484 
3502	1006 
3503	62 
3504	526 
3505	672 
3506	981 
3507	1117 
3508	271 
3509	267 
3510	957 
3511	70 
3512	705 
3513	1055 
3514	900 
3515	427 
3516	999 
3517	735 
3518	1028 
3519	774 
3520	423 
3521	1111 
3522	154 
3523	169 
3524	888 
3525	539 
3526	138 
3527	424 
3528	1029 
3529	763 
3530	561 
3531	1103 
3532	269 
3533	1111 
3534	1052 
3535	56 
3536	973 
3537	713 
3538	801 
3539	832 
3540	721 
3541	747 
3542	729 
3543	743 
3544	322 
3545	426 
3546	674 
3547	158 
3548	949 
3549	1111 
3550	945 
3551	874 
3552	8 
3553	748 
3554	815 
3555	722 
3556	740 
3557	510 
3558	546 
3559	173 
3560	72 
3561	498 
3562	133 
3563	198 
3564	1009 
3565	696 
3566	317 
3567	895 
3568	678 
3569	497 
3570	342 
3571	150 
3572	321 
3573	644 
3574	530 
3575	363 
3576	452 
3577	531 
3578	961 
3579	138 
3580	546 
3581	127 
3582	676 
3583	512 
3584	1138 
3585	17 
3586	867 
3587	583 
3588	1068 
3589	114 
3590	441 
3591	421 
3592	242 
3593	291 
3594	780 
3595	210 
3596	321 
3597	221 
3598	788 
3599	324 
3600	1080 
3601	597 
3602	804 
3603	599 
3604	266 
3605	173 
3606	1135 
3607	673 
3608	519 
3609	704 
3610	67 
3611	906 
3612	1025 
3613	149 
3614	1047 
3615	805 
3616	1028 
3617	1080 
3618	669 
3619	782 
3620	428 
3621	114 
3622	398 
3623	10 
3624	262 
3625	856 
3626	1082 
3627	286 
3628	373 
3629	629 
3630	960 
3631	1027 
3632	339 
3633	102 
3634	995 
3635	692 
3636	121 
3637	919 
3638	906 
3639	629 
3640	213 
3641	453 
3642	145 
3643	692 
3644	248 
3645	596 
3646	697 
3647	521 
3648	1042 
3649	826 
3650	481 
3651	967 
3652	331 
3653	857 
3654	823 
3655	979 
3656	184 
3657	464 
3658	906 
3659	107 
3660	549 
3661	825 
3662	1069 
3663	321 
3664	426 
3665	699 
3666	909 
3667	601 
3668	839 
3669	857 
3670	373 
3671	978 
3672	465 
3673	417 
3674	635 
3675	115 
3676	914 
3677	826 
3678	469 
3679	110 
3680	634 
3681	24 
3682	185 
3683	172 
3684	763 
3685	949 
3686	915 
3687	747 
3688	1146 
3689	551 
3690	989 
3691	131 
3692	916 
3693	1114 
3694	79 
3695	138 
3696	707 
3697	704 
3698	582 
3699	672 
3700	808 
3701	432 
3702	105 
3703	425 
3704	1044 
3705	953 
3706	463 
3707	845 
3708	1117 
3709	91 
3710	264 
3711	372 
3712	443 
3713	495 
3714	806 
3715	16 
3716	988 
3717	450 
3718	909 
3719	887 
3720	724 
3721	41 
3722	384 
3723	767 
3724	752 
3725	622 
3726	641 
3727	138 
3728	1091 
3729	1120 
3730	984 
3731	59 
3732	706 
3733	155 
3734	320 
3735	251 
3736	791 
3737	667 
3738	999 
3739	570 
3740	759 
3741	1065 
3742	458 
3743	751 
3744	433 
3745	269 
3746	896 
3747	356 
3748	252 
3749	238 
3750	146 
3751	376 
3752	668 
3753	492 
3754	308 
3755	146 
3756	461 
3757	16 
3758	337 
3759	447 
3760	1144 
3761	990 
3762	586 
3763	134 
3764	946 
3765	650 
3766	889 
3767	1147 
3768	611 
3769	1001 
3770	595 
3771	148 
3772	351 
3773	161 
3774	659 
3775	892 
3776	449 
3777	642 
3778	1038 
3779	692 
3780	315 
3781	583 
3782	637 
3783	821 
3784	105 
3785	538 
3786	1009 
3787	730 
3788	158 
3789	1054 
3790	735 
3791	214 
3792	417 
3793	997 
3794	458 
3795	694 
3796	282 
3797	282 
3798	711 
3799	787 
3800	517 
3801	397 
3802	957 
3803	660 
3804	1030 
3805	233 
3806	98 
3807	421 
3808	719 
3809	833 
3810	354 
3811	1132 
3812	1064 
3813	693 
3814	498 
3815	697 
3816	47 
3817	922 
3818	657 
3819	772 
3820	250 
3821	432 
3822	295 
3823	1129 
3824	721 
3825	43 
3826	1093 
3827	331 
3828	749 
3829	973 
3830	1075 
3831	744 
3832	176 
3833	1020 
3834	722 
3835	1118 
3836	964 
3837	156 
3838	736 
3839	224 
3840	1090 
3841	828 
3842	521 
3843	349 
3844	650 
3845	634 
3846	266 
3847	965 
3848	483 
3849	79 
3850	425 
3851	872 
3852	339 
3853	872 
3854	413 
3855	235 
3856	677 
3857	812 
3858	130 
3859	748 
3860	883 
3861	443 
3862	660 
3863	740 
3864	1003 
3865	1040 
3866	415 
3867	609 
3868	625 
3869	641 
3870	146 
3871	230 
3872	949 
3873	1085 
3874	1114 
3875	248 
3876	1067 
3877	88 
3878	410 
3879	848 
3880	1095 
3881	721 
3882	95 
3883	1055 
3884	648 
3885	984 
3886	447 
3887	764 
3888	134 
3889	965 
3890	40 
3891	1042 
3892	794 
3893	267 
3894	154 
3895	366 
3896	862 
3897	850 
3898	921 
3899	301 
3900	1117 
3901	268 
3902	917 
3903	759 
3904	653 
3905	945 
3906	398 
3907	903 
3908	820 
3909	808 
3910	483 
3911	553 
3912	704 
3913	172 
3914	670 
3915	88 
3916	691 
3917	1049 
3918	495 
3919	1056 
3920	938 
3921	9 
3922	650 
3923	751 
3924	533 
3925	469 
3926	847 
3927	409 
3928	312 
3929	1031 
3930	13 
3931	649 
3932	152 
3933	764 
3934	61 
3935	364 
3936	23 
3937	173 
3938	512 
3939	785 
3940	44 
3941	408 
3942	165 
3943	210 
3944	296 
3945	1074 
3946	460 
3947	415 
3948	192 
3949	278 
3950	371 
3951	540 
3952	715 
3953	672 
3954	669 
3955	240 
3956	888 
3957	265 
3958	956 
3959	110 
3960	1082 
3961	951 
3962	733 
3963	732 
3964	809 
3965	819 
3966	819 
3967	1007 
3968	854 
3969	506 
3970	440 
3971	979 
3972	1101 
3973	967 
3974	10 
3975	940 
3976	779 
3977	66 
3978	434 
3979	1018 
3980	811 
3981	823 
3982	370 
3983	357 
3984	229 
3985	552 
3986	307 
3987	235 
3988	1052 
3989	394 
3990	698 
3991	292 
3992	294 
3993	569 
3994	940 
3995	1123 
3996	643 
3997	603 
3998	776 
3999	364 
4000	904 
4001	907 
4002	480 
4003	963 
4004	527 
4005	52 
4006	106 
4007	904 
4008	97 
4009	397 
4010	1052 
4011	377 
4012	418 
4013	794 
4014	703 
4015	727 
4016	1055 
4017	18 
4018	158 
4019	360 
4020	918 
4021	391 
4022	420 
4023	989 
4024	17 
4025	976 
4026	831 
4027	34 
4028	1001 
4029	1090 
4030	1143 
4031	660 
4032	582 
4033	338 
4034	634 
4035	194 
4036	932 
4037	549 
4038	769 
4039	788 
4040	30 
4041	618 
4042	1084 
4043	415 
4044	1116 
4045	74 
4046	259 
4047	945 
4048	145 
4049	546 
4050	54 
4051	1074 
4052	64 
4053	299 
4054	243 
4055	290 
4056	606 
4057	570 
4058	339 
4059	267 
4060	99 
4061	260 
4062	485 
4063	540 
4064	231 
4065	529 
4066	1032 
4067	866 
4068	635 
4069	421 
4070	666 
4071	341 
4072	745 
4073	976 
4074	717 
4075	540 
4076	642 
4077	360 
4078	859 
4079	69 
4080	796 
4081	977 
4082	687 
4083	173 
4084	819 
4085	747 
4086	1038 
4087	861 
4088	865 
4089	757 
4090	815 
4091	359 
4092	126 
4093	292 
4094	424 
4095	696 
4096	707 
4097	612 
4098	519 
4099	366 
4100	1013 
4101	628 
4102	188 
4103	833 
4104	670 
4105	208 
4106	560 
4107	928 
4108	453 
4109	1072 
4110	354 
4111	680 
4112	410 
4113	470 
4114	827 
4115	601 
4116	1 
4117	270 
4118	550 
4119	914 
4120	977 
4121	754 
4122	592 
4123	286 
4124	723 
4125	276 
4126	16 
4127	10 
4128	959 
4129	754 
4130	1074 
4131	953 
4132	411 
4133	739 
4134	518 
4135	615 
4136	1121 
4137	12 
4138	157 
4139	219 
4140	373 
4141	481 
4142	527 
4143	116 
4144	403 
4145	632 
4146	342 
4147	1031 
4148	709 
4149	1110 
4150	15 
4151	335 
4152	592 
4153	321 
4154	914 
4155	82 
4156	214 
4157	66 
4158	1002 
4159	1150 
4160	410 
4161	116 
4162	218 
4163	932 
4164	707 
4165	632 
4166	554 
4167	1074 
4168	397 
4169	949 
4170	1113 
4171	734 
4172	346 
4173	785 
4174	569 
4175	1107 
4176	420 
4177	322 
4178	413 
4179	323 
4180	1116 
4181	114 
4182	909 
4183	95 
4184	286 
4185	331 
4186	853 
4187	724 
4188	967 
4189	174 
4190	275 
4191	873 
4192	213 
4193	1080 
4194	183 
4195	247 
4196	1108 
4197	282 
4198	359 
4199	145 
4200	385 
4201	497 
4202	622 
4203	346 
4204	420 
4205	57 
4206	57 
4207	580 
4208	1006 
4209	502 
4210	1068 
4211	1012 
4212	869 
4213	415 
4214	1072 
4215	329 
4216	303 
4217	272 
4218	756 
4219	1143 
4220	91 
4221	1152 
4222	616 
4223	356 
4224	388 
4225	200 
4226	16 
4227	162 
4228	303 
4229	976 
4230	448 
4231	670 
4232	943 
4233	703 
4234	94 
4235	221 
4236	1043 
4237	737 
4238	853 
4239	174 
4240	391 
4241	601 
4242	441 
4243	628 
4244	742 
4245	307 
4246	370 
4247	801 
4248	535 
4249	1072 
4250	513 
4251	258 
4252	380 
4253	1023 
4254	403 
4255	599 
4256	813 
4257	728 
4258	1062 
4259	359 
4260	855 
4261	165 
4262	822 
4263	267 
4264	917 
4265	166 
4266	321 
4267	1106 
4268	900 
4269	199 
4270	725 
4271	866 
4272	258 
4273	999 
4274	630 
4275	979 
4276	415 
4277	1076 
4278	534 
4279	954 
4280	559 
4281	221 
4282	501 
4283	1042 
4284	653 
4285	47 
4286	622 
4287	775 
4288	960 
4289	76 
4290	987 
4291	524 
4292	114 
4293	192 
4294	238 
4295	130 
4296	415 
4297	555 
4298	285 
4299	906 
4300	234 
4301	466 
4302	360 
4303	160 
4304	973 
4305	540 
4306	657 
4307	607 
4308	644 
4309	430 
4310	68 
4311	635 
4312	1003 
4313	789 
4314	260 
4315	368 
4316	1015 
4317	510 
4318	667 
4319	435 
4320	74 
4321	289 
4322	905 
4323	768 
4324	120 
4325	534 
4326	1120 
4327	172 
4328	278 
4329	555 
4330	495 
4331	195 
4332	1019 
4333	701 
4334	452 
4335	938 
4336	828 
4337	826 
4338	355 
4339	722 
4340	340 
4341	821 
4342	469 
4343	268 
4344	161 
4345	934 
4346	422 
4347	416 
4348	315 
4349	877 
4350	606 
4351	791 
4352	548 
4353	1111 
4354	131 
4355	764 
4356	95 
4357	206 
4358	512 
4359	257 
4360	216 
4361	37 
4362	639 
4363	148 
4364	539 
4365	327 
4366	1003 
4367	360 
4368	321 
4369	776 
4370	633 
4371	548 
4372	698 
4373	663 
4374	880 
4375	456 
4376	1088 
4377	183 
4378	797 
4379	214 
4380	129 
4381	1125 
4382	340 
4383	1116 
4384	914 
4385	747 
4386	768 
4387	731 
4388	765 
4389	946 
4390	802 
4391	1141 
4392	119 
4393	101 
4394	357 
4395	421 
4396	63 
4397	958 
4398	228 
4399	654 
4400	1009 
4401	575 
4402	678 
4403	1068 
4404	391 
4405	44 
4406	562 
4407	550 
4408	520 
4409	739 
4410	207 
4411	52 
4412	200 
4413	63 
4414	786 
4415	498 
4416	561 
4417	641 
4418	923 
4419	94 
4420	89 
4421	534 
4422	454 
4423	1098 
4424	317 
4425	697 
4426	858 
4427	763 
4428	70 
4429	360 
4430	826 
4431	723 
4432	532 
4433	194 
4434	1056 
4435	1081 
4436	796 
4437	519 
4438	813 
4439	657 
4440	87 
4441	1115 
4442	318 
4443	1152 
4444	1065 
4445	593 
4446	504 
4447	56 
4448	191 
4449	708 
4450	808 
4451	1007 
4452	591 
4453	485 
4454	51 
4455	636 
4456	385 
4457	700 
4458	569 
4459	235 
4460	138 
4461	810 
4462	546 
4463	877 
4464	243 
4465	532 
4466	994 
4467	230 
4468	1046 
4469	485 
4470	61 
4471	86 
4472	252 
4473	703 
4474	700 
4475	132 
4476	1114 
4477	925 
4478	697 
4479	1042 
4480	948 
4481	242 
4482	778 
4483	347 
4484	410 
4485	1151 
4486	800 
4487	9 
4488	696 
4489	356 
4490	311 
4491	127 
4492	49 
4493	1103 
4494	622 
4495	315 
4496	184 
4497	683 
4498	880 
4499	547 
4500	203 
4501	1053 
4502	371 
4503	993 
4504	460 
4505	807 
4506	193 
4507	261 
4508	57 
4509	1056 
4510	964 
4511	810 
4512	665 
4513	837 
4514	947 
4515	808 
4516	426 
4517	801 
4518	751 
4519	787 
4520	784 
4521	871 
4522	917 
4523	1031 
4524	31 
4525	22 
4526	765 
4527	52 
4528	686 
4529	20 
4530	1098 
4531	977 
4532	857 
4533	344 
4534	348 
4535	547 
4536	909 
4537	391 
4538	156 
4539	509 
4540	792 
4541	633 
4542	426 
4543	384 
4544	731 
4545	761 
4546	34 
4547	348 
4548	915 
4549	888 
4550	263 
4551	503 
4552	235 
4553	493 
4554	962 
4555	346 
4556	541 
4557	1095 
4558	686 
4559	386 
4560	663 
4561	248 
4562	973 
4563	368 
4564	845 
4565	446 
4566	1115 
4567	247 
4568	540 
4569	157 
4570	112 
4571	470 
4572	1126 
4573	585 
4574	486 
4575	883 
4576	251 
4577	241 
4578	1042 
4579	455 
4580	1091 
4581	552 
4582	563 
4583	946 
4584	855 
4585	1135 
4586	1 
4587	701 
4588	380 
4589	541 
4590	338 
4591	1030 
4592	679 
4593	1056 
4594	982 
4595	387 
4596	58 
4597	736 
4598	362 
4599	241 
4600	816 
4601	462 
4602	1046 
4603	947 
4604	813 
4605	586 
4606	302 
4607	400 
4608	506 
4609	987 
4610	820 
4611	68 
4612	614 
4613	577 
4614	983 
4615	133 
4616	506 
4617	312 
4618	194 
4619	1111 
4620	536 
4621	770 
4622	842 
4623	643 
4624	590 
4625	277 
4626	323 
4627	911 
4628	778 
4629	92 
4630	137 
4631	235 
4632	839 
4633	1098 
4634	1144 
4635	992 
4636	14 
4637	220 
4638	35 
4639	537 
4640	670 
4641	621 
4642	358 
4643	539 
4644	409 
4645	973 
4646	840 
4647	389 
4648	380 
4649	893 
4650	906 
4651	801 
4652	364 
4653	819 
4654	212 
4655	158 
4656	547 
4657	1117 
4658	242 
4659	1130 
4660	33 
4661	631 
4662	220 
4663	132 
4664	822 
4665	879 
4666	481 
4667	409 
4668	632 
4669	359 
4670	438 
4671	793 
4672	468 
4673	773 
4674	296 
4675	410 
4676	756 
4677	726 
4678	276 
4679	808 
4680	384 
4681	1062 
4682	126 
4683	193 
4684	367 
4685	896 
4686	96 
4687	447 
4688	136 
4689	1024 
4690	494 
4691	383 
4692	182 
4693	349 
4694	34 
4695	1053 
4696	1100 
4697	602 
4698	13 
4699	413 
4700	974 
4701	767 
4702	426 
4703	726 
4704	236 
4705	481 
4706	832 
4707	386 
4708	688 
4709	264 
4710	358 
4711	1 
4712	114 
4713	638 
4714	73 
4715	1016 
4716	321 
4717	1023 
4718	19 
4719	383 
4720	563 
4721	550 
4722	686 
4723	1084 
4724	969 
4725	519 
4726	1017 
4727	403 
4728	474 
4729	779 
4730	570 
4731	398 
4732	485 
4733	1031 
4734	339 
4735	699 
4736	253 
4737	235 
4738	753 
4739	262 
4740	214 
4741	1026 
4742	855 
4743	1039 
4744	183 
4745	527 
4746	288 
4747	552 
4748	419 
4749	156 
4750	969 
4751	38 
4752	1135 
4753	531 
4754	236 
4755	655 
4756	711 
4757	254 
4758	421 
4759	854 
4760	914 
4761	406 
4762	1033 
4763	368 
4764	707 
4765	369 
4766	299 
4767	590 
4768	770 
4769	646 
4770	175 
4771	94 
4772	287 
4773	1151 
4774	922 
4775	73 
4776	841 
4777	9 
4778	803 
4779	801 
4780	943 
4781	394 
4782	242 
4783	1007 
4784	793 
4785	221 
4786	578 
4787	1119 
4788	380 
4789	1140 
4790	1035 
4791	1014 
4792	1050 
4793	540 
4794	214 
4795	352 
4796	174 
4797	723 
4798	531 
4799	366 
4800	694 
4801	154 
4802	57 
4803	955 
4804	698 
4805	112 
4806	279 
4807	884 
4808	154 
4809	607 
4810	745 
4811	356 
4812	285 
4813	572 
4814	287 
4815	703 
4816	299 
4817	160 
4818	458 
4819	706 
4820	1077 
4821	441 
4822	891 
4823	130 
4824	69 
4825	346 
4826	760 
4827	338 
4828	535 
4829	272 
4830	368 
4831	423 
4832	493 
4833	946 
4834	751 
4835	267 
4836	473 
4837	708 
4838	853 
4839	162 
4840	193 
4841	586 
4842	357 
4843	1027 
4844	270 
4845	982 
4846	751 
4847	450 
4848	235 
4849	426 
4850	1004 
4851	763 
4852	1121 
4853	499 
4854	542 
4855	220 
4856	615 
4857	181 
4858	816 
4859	1038 
4860	866 
4861	771 
4862	25 
4863	854 
4864	424 
4865	669 
4866	622 
4867	66 
4868	899 
4869	719 
4870	838 
4871	730 
4872	200 
4873	1020 
4874	775 
4875	1095 
4876	563 
4877	1079 
4878	1054 
4879	286 
4880	1048 
4881	290 
4882	54 
4883	797 
4884	1023 
4885	400 
4886	1058 
4887	237 
4888	212 
4889	978 
4890	891 
4891	1018 
4892	420 
4893	1126 
4894	19 
4895	210 
4896	978 
4897	773 
4898	1148 
4899	38 
4900	158 
4901	1074 
4902	697 
4903	1093 
4904	949 
4905	317 
4906	110 
4907	247 
4908	439 
4909	1021 
4910	49 
4911	996 
4912	498 
4913	36 
4914	789 
4915	127 
4916	515 
4917	29 
4918	1055 
4919	1007 
4920	651 
4921	1047 
4922	28 
4923	169 
4924	264 
4925	438 
4926	1117 
4927	960 
4928	854 
4929	121 
4930	1034 
4931	195 
4932	165 
4933	967 
4934	1068 
4935	917 
4936	1030 
4937	289 
4938	766 
4939	214 
4940	354 
4941	1071 
4942	449 
4943	364 
4944	594 
4945	911 
4946	267 
4947	447 
4948	8 
4949	886 
4950	1136 
4951	55 
4952	89 
4953	1084 
4954	513 
4955	357 
4956	546 
4957	788 
4958	213 
4959	900 
4960	549 
4961	631 
4962	130 
4963	889 
4964	887 
4965	447 
4966	848 
4967	396 
4968	1083 
4969	723 
4970	313 
4971	415 
4972	545 
4973	928 
4974	462 
4975	967 
4976	555 
4977	351 
4978	770 
4979	733 
4980	985 
4981	450 
4982	300 
4983	560 
4984	82 
4985	215 
4986	715 
4987	772 
4988	105 
4989	1105 
4990	282 
4991	1098 
4992	880 
4993	789 
4994	683 
4995	603 
4996	1115 
4997	364 
4998	27 
4999	62 
5000	1046 
5001	1072 
5002	969 
5003	336 
5004	1042 
5005	116 
5006	119 
5007	436 
5008	1067 
5009	83 
5010	519 
5011	442 
5012	319 
5013	1117 
5014	373 
5015	166 
5016	549 
5017	413 
5018	899 
5019	820 
5020	262 
5021	668 
5022	323 
5023	709 
5024	672 
5025	1073 
5026	209 
5027	1013 
5028	29 
5029	780 
5030	374 
5031	86 
5032	932 
5033	887 
5034	833 
5035	983 
5036	335 
5037	1046 
5038	670 
5039	1026 
5040	976 
5041	728 
5042	855 
5043	241 
5044	889 
5045	437 
5046	160 
5047	597 
5048	370 
5049	344 
5050	813 
5051	257 
5052	500 
5053	514 
5054	467 
5055	48 
5056	133 
5057	78 
5058	826 
5059	652 
5060	46 
5061	64 
5062	697 
5063	147 
5064	1091 
5065	1105 
5066	626 
5067	483 
5068	1121 
5069	380 
5070	439 
5071	783 
5072	107 
5073	653 
5074	839 
5075	1029 
5076	303 
5077	662 
5078	231 
5079	460 
5080	286 
5081	524 
5082	1141 
5083	1013 
5084	924 
5085	824 
5086	571 
5087	832 
5088	438 
5089	478 
5090	316 
5091	1008 
5092	964 
5093	920 
5094	657 
5095	218 
5096	938 
5097	419 
5098	7 
5099	903 
5100	339 
5101	323 
5102	1130 
5103	582 
5104	758 
5105	326 
5106	829 
5107	1019 
5108	622 
5109	325 
5110	909 
5111	189 
5112	865 
5113	925 
5114	683 
5115	443 
5116	307 
5117	878 
5118	79 
5119	114 
5120	56 
5121	187 
5122	625 
5123	1137 
5124	197 
5125	1136 
5126	681 
5127	609 
5128	549 
5129	1002 
5130	1001 
5131	391 
5132	34 
5133	682 
5134	1135 
5135	1125 
5136	182 
5137	956 
5138	1079 
5139	249 
5140	256 
5141	99 
5142	365 
5143	218 
5144	1116 
5145	258 
5146	496 
5147	61 
5148	1060 
5149	454 
5150	783 
5151	641 
5152	266 
5153	194 
5154	281 
5155	357 
5156	218 
5157	804 
5158	149 
5159	1042 
5160	638 
5161	580 
5162	227 
5163	740 
5164	902 
5165	245 
5166	259 
5167	1081 
5168	223 
5169	785 
5170	165 
5171	473 
5172	748 
5173	558 
5174	982 
5175	789 
5176	565 
5177	754 
5178	377 
5179	1082 
5180	549 
5181	1038 
5182	370 
5183	554 
5184	173 
5185	697 
5186	518 
5187	1144 
5188	287 
5189	284 
5190	649 
5191	384 
5192	636 
5193	547 
5194	502 
5195	158 
5196	319 
5197	71 
5198	375 
5199	755 
5200	1036 
5201	579 
5202	702 
5203	355 
5204	1017 
5205	1087 
5206	2 
5207	346 
5208	80 
5209	27 
5210	236 
5211	246 
5212	468 
5213	588 
5214	499 
5215	351 
5216	957 
5217	760 
5218	593 
5219	257 
5220	872 
5221	691 
5222	947 
5223	87 
5224	835 
5225	548 
5226	446 
5227	1135 
5228	233 
5229	839 
5230	575 
5231	563 
5232	711 
5233	789 
5234	201 
5235	1055 
5236	278 
5237	811 
5238	734 
5239	511 
5240	105 
5241	347 
5242	856 
5243	127 
5244	972 
5245	1042 
5246	635 
5247	55 
5248	269 
5249	518 
5250	275 
5251	1036 
5252	772 
5253	952 
5254	308 
5255	8 
5256	609 
5257	205 
5258	909 
5259	875 
5260	483 
5261	323 
5262	121 
5263	891 
5264	355 
5265	852 
5266	486 
5267	1098 
5268	90 
5269	580 
5270	349 
5271	535 
5272	1014 
5273	994 
5274	833 
5275	208 
5276	519 
5277	665 
5278	109 
5279	210 
5280	814 
5281	696 
5282	915 
5283	884 
5284	580 
5285	1075 
5286	101 
5287	723 
5288	250 
5289	146 
5290	358 
5291	508 
5292	765 
5293	465 
5294	686 
5295	496 
5296	393 
5297	1051 
5298	463 
5299	729 
5300	773 
5301	634 
5302	33 
5303	290 
5304	398 
5305	86 
5306	323 
5307	230 
5308	937 
5309	236 
5310	299 
5311	666 
5312	276 
5313	252 
5314	765 
5315	1 
5316	806 
5317	258 
5318	410 
5319	358 
5320	102 
5321	683 
5322	602 
5323	558 
5324	442 
5325	803 
5326	164 
5327	537 
5328	700 
5329	411 
5330	426 
5331	532 
5332	1091 
5333	899 
5334	671 
5335	666 
5336	697 
5337	221 
5338	521 
5339	546 
5340	700 
5341	310 
5342	606 
5343	130 
5344	395 
5345	635 
5346	575 
5347	258 
5348	1074 
5349	299 
5350	413 
5351	1054 
5352	410 
5353	1080 
5354	257 
5355	88 
5356	929 
5357	145 
5358	501 
5359	950 
5360	224 
5361	1139 
5362	153 
5363	19 
5364	864 
5365	586 
5366	945 
5367	283 
5368	872 
5369	840 
5370	1143 
5371	221 
5372	462 
5373	575 
5374	707 
5375	824 
5376	1122 
5377	694 
5378	76 
5379	612 
5380	10 
5381	460 
5382	502 
5383	930 
5384	714 
5385	17 
5386	938 
5387	698 
5388	315 
5389	75 
5390	742 
5391	627 
5392	242 
5393	328 
5394	226 
5395	292 
5396	890 
5397	738 
5398	555 
5399	751 
5400	486 
5401	98 
5402	1082 
5403	552 
5404	81 
5405	39 
5406	444 
5407	534 
5408	858 
5409	571 
5410	1025 
5411	908 
5412	336 
5413	614 
5414	1112 
5415	690 
5416	1151 
5417	365 
5418	86 
5419	37 
5420	529 
5421	660 
5422	505 
5423	937 
5424	590 
5425	779 
5426	380 
5427	264 
5428	823 
5429	24 
5430	183 
5431	626 
5432	237 
5433	544 
5434	1023 
5435	321 
5436	626 
5437	134 
5438	696 
5439	99 
5440	910 
5441	1144 
5442	988 
5443	984 
5444	826 
5445	85 
5446	361 
5447	179 
5448	822 
5449	406 
5450	381 
5451	905 
5452	670 
5453	753 
5454	331 
5455	558 
5456	967 
5457	554 
5458	1093 
5459	953 
5460	318 
5461	634 
5462	410 
5463	171 
5464	688 
5465	862 
5466	716 
5467	339 
5468	1072 
5469	993 
5470	660 
5471	746 
5472	971 
5473	677 
5474	564 
5475	487 
5476	596 
5477	356 
5478	566 
5479	733 
5480	138 
5481	1048 
5482	1147 
5483	566 
5484	696 
5485	21 
5486	993 
5487	1133 
5488	982 
5489	831 
5490	229 
5491	151 
5492	577 
5493	746 
5494	299 
5495	1141 
5496	28 
5497	79 
5498	346 
5499	331 
5500	545 
5501	1032 
5502	1103 
5503	190 
5504	549 
5505	973 
5506	779 
5507	995 
5508	94 
5509	238 
5510	614 
5511	976 
5512	316 
5513	146 
5514	32 
5515	528 
5516	250 
5517	1071 
5518	212 
5519	385 
5520	496 
5521	293 
5522	331 
5523	478 
5524	781 
5525	899 
5526	903 
5527	922 
5528	475 
5529	603 
5530	1046 
5531	264 
5532	732 
5533	343 
5534	643 
5535	770 
5536	292 
5537	203 
5538	690 
5539	115 
5540	635 
5541	1084 
5542	235 
5543	1083 
5544	130 
5545	484 
5546	994 
5547	982 
5548	354 
5549	1034 
5550	273 
5551	254 
5552	443 
5553	126 
5554	52 
5555	911 
5556	708 
5557	410 
5558	478 
5559	999 
5560	288 
5561	806 
5562	474 
5563	998 
5564	749 
5565	462 
5566	473 
5567	307 
5568	772 
5569	796 
5570	1023 
5571	116 
5572	361 
5573	671 
5574	978 
5575	539 
5576	127 
5577	683 
5578	183 
5579	589 
5580	986 
5581	789 
5582	423 
5583	20 
5584	840 
5585	157 
5586	499 
5587	901 
5588	373 
5589	214 
5590	1079 
5591	83 
5592	627 
5593	299 
5594	1121 
5595	295 
5596	262 
5597	808 
5598	700 
5599	251 
5600	8 
5601	763 
5602	812 
5603	364 
5604	378 
5605	971 
5606	696 
5607	117 
5608	623 
5609	394 
5610	881 
5611	480 
5612	350 
5613	573 
5614	277 
5615	792 
5616	480 
5617	1019 
5618	909 
5619	290 
5620	1108 
5621	97 
5622	317 
5623	252 
5624	646 
5625	1141 
5626	509 
5627	1009 
5628	434 
5629	938 
5630	699 
5631	750 
5632	221 
5633	1020 
5634	1027 
5635	557 
5636	951 
5637	658 
5638	200 
5639	237 
5640	979 
5641	1147 
5642	1144 
5643	376 
5644	1056 
5645	1046 
5646	943 
5647	1091 
5648	1068 
5649	496 
5650	183 
5651	1075 
5652	78 
5653	752 
5654	800 
5655	143 
5656	833 
5657	342 
5658	455 
5659	329 
5660	1072 
5661	414 
5662	88 
5663	327 
5664	494 
5665	27 
5666	889 
5667	671 
5668	342 
5669	700 
5670	638 
5671	630 
5672	7 
5673	150 
5674	180 
5675	269 
5676	1064 
5677	519 
5678	873 
5679	575 
5680	868 
5681	494 
5682	792 
5683	916 
5684	514 
5685	748 
5686	420 
5687	373 
5688	993 
5689	832 
5690	90 
5691	1052 
5692	1081 
5693	838 
5694	169 
5695	56 
5696	411 
5697	1086 
5698	1129 
5699	967 
5700	707 
5701	1091 
5702	1027 
5703	918 
5704	891 
5705	164 
5706	1135 
5707	1097 
5708	354 
5709	915 
5710	603 
5711	590 
5712	873 
5713	32 
5714	736 
5715	523 
5716	216 
5717	285 
5718	346 
5719	296 
5720	822 
5721	810 
5722	292 
5723	840 
5724	529 
5725	945 
5726	39 
5727	707 
5728	136 
5729	1144 
5730	838 
5731	605 
5732	618 
5733	667 
5734	702 
5735	690 
5736	546 
5737	1000 
5738	700 
5739	260 
5740	420 
5741	972 
5742	295 
5743	404 
5744	235 
5745	260 
5746	236 
5747	86 
5748	829 
5749	145 
5750	849 
5751	260 
5752	562 
5753	988 
5754	678 
5755	198 
5756	22 
5757	542 
5758	174 
5759	380 
5760	636 
5761	255 
5762	761 
5763	156 
5764	512 
5765	334 
5766	945 
5767	948 
5768	465 
5769	689 
5770	587 
5771	833 
5772	236 
5773	951 
5774	462 
5775	271 
5776	753 
5777	200 
5778	436 
5779	387 
5780	63 
5781	889 
5782	413 
5783	571 
5784	801 
5785	275 
5786	65 
5787	541 
5788	454 
5789	456 
5790	609 
5791	736 
5792	98 
5793	1043 
5794	236 
5795	1019 
5796	712 
5797	1048 
5798	1120 
5799	160 
5800	220 
5801	813 
5802	1038 
5803	1130 
5804	624 
5805	277 
5806	314 
5807	533 
5808	1114 
5809	524 
5810	846 
5811	627 
5812	463 
5813	665 
5814	57 
5815	1114 
5816	433 
5817	755 
5818	966 
5819	93 
5820	8 
5821	1090 
5822	394 
5823	188 
5824	257 
5825	20 
5826	676 
5827	1038 
5828	970 
5829	777 
5830	1088 
5831	114 
5832	146 
5833	887 
5834	600 
5835	906 
5836	1047 
5837	22 
5838	1009 
5839	531 
5840	693 
5841	260 
5842	967 
5843	80 
5844	356 
5845	272 
5846	719 
5847	376 
5848	533 
5849	833 
5850	148 
5851	797 
5852	341 
5853	559 
5854	538 
5855	1100 
5856	649 
5857	976 
5858	804 
5859	414 
5860	889 
5861	1087 
5862	914 
5863	1105 
5864	562 
5865	141 
5866	122 
5867	361 
5868	416 
5869	35 
5870	173 
5871	1067 
5872	432 
5873	712 
5874	672 
5875	815 
5876	1145 
5877	316 
5878	982 
5879	628 
5880	765 
5881	650 
5882	832 
5883	1019 
5884	541 
5885	810 
5886	635 
5887	362 
5888	143 
5889	281 
5890	916 
5891	644 
5892	934 
5893	397 
5894	922 
5895	576 
5896	1055 
5897	274 
5898	850 
5899	826 
5900	311 
5901	1041 
5902	741 
5903	678 
5904	469 
5905	52 
5906	989 
5907	136 
5908	825 
5909	915 
5910	435 
5911	644 
5912	966 
5913	157 
5914	695 
5915	485 
5916	1110 
5917	792 
5918	462 
5919	471 
5920	499 
5921	518 
5922	207 
5923	351 
5924	745 
5925	809 
5926	161 
5927	390 
5928	539 
5929	458 
5930	1009 
5931	845 
5932	810 
5933	1148 
5934	275 
5935	965 
5936	741 
5937	1118 
5938	748 
5939	1089 
5940	1039 
5941	613 
5942	457 
5943	1079 
5944	917 
5945	897 
5946	311 
5947	827 
5948	316 
5949	660 
5950	911 
5951	429 
5952	146 
5953	414 
5954	511 
5955	219 
5956	456 
5957	699 
5958	257 
5959	788 
5960	832 
5961	312 
5962	570 
5963	954 
5964	420 
5965	139 
5966	1130 
5967	660 
5968	632 
5969	83 
5970	15 
5971	779 
5972	1038 
5973	533 
5974	717 
5975	92 
5976	75 
5977	469 
5978	46 
5979	460 
5980	228 
5981	796 
5982	1117 
5983	315 
5984	944 
5985	16 
5986	938 
5987	920 
5988	139 
5989	499 
5990	207 
5991	202 
5992	1016 
5993	107 
5994	913 
5995	110 
5996	747 
5997	48 
5998	494 
5999	938 
6000	539 
6001	254 
6002	765 
6003	573 
6004	260 
6005	989 
6006	437 
6007	1126 
6008	639 
6009	352 
6010	1080 
6011	550 
6012	462 
6013	138 
6014	1078 
6015	649 
6016	65 
6017	555 
6018	602 
6019	832 
6020	88 
6021	322 
6022	978 
6023	370 
6024	25 
6025	671 
6026	917 
6027	954 
6028	731 
6029	8 
6030	1132 
6031	628 
6032	1083 
6033	385 
6034	698 
6035	460 
6036	201 
6037	680 
6038	173 
6039	402 
6040	587 
6041	160 
6042	75 
6043	358 
6044	236 
6045	444 
6046	410 
6047	558 
6048	950 
6049	1006 
6050	304 
6051	473 
6052	614 
6053	505 
6054	1061 
6055	106 
6056	628 
6057	299 
6058	953 
6059	1081 
6060	577 
6061	655 
6062	921 
6063	61 
6064	1069 
6065	928 
6066	594 
6067	666 
6068	506 
6069	939 
6070	254 
6071	1090 
6072	106 
6073	40 
6074	553 
6075	573 
6076	707 
6077	166 
6078	693 
6079	597 
6080	801 
6081	670 
6082	39 
6083	64 
6084	453 
6085	432 
6086	330 
6087	771 
6088	176 
6089	333 
6090	320 
6091	882 
6092	265 
6093	822 
6094	159 
6095	1145 
6096	678 
6097	741 
6098	607 
6099	961 
6100	379 
6101	1146 
6102	161 
6103	499 
6104	658 
6105	65 
6106	782 
6107	437 
6108	953 
6109	916 
6110	884 
6111	412 
6112	830 
6113	754 
6114	1078 
6115	857 
6116	1125 
6117	236 
6118	526 
6119	597 
6120	139 
6121	624 
6122	951 
6123	414 
6124	380 
6125	664 
6126	550 
6127	516 
6128	815 
6129	1152 
6130	177 
6131	634 
6132	575 
6133	946 
6134	522 
6135	447 
6136	875 
6137	207 
6138	304 
6139	220 
6140	174 
6141	49 
6142	508 
6143	361 
6144	952 
6145	648 
6146	565 
6147	985 
6148	638 
6149	936 
6150	933 
6151	402 
6152	1090 
6153	860 
6154	979 
6155	1071 
6156	550 
6157	95 
6158	1026 
6159	608 
6160	302 
6161	296 
6162	864 
6163	649 
6164	627 
6165	21 
6166	1046 
6167	692 
6168	16 
6169	332 
6170	981 
6171	200 
6172	57 
6173	390 
6174	363 
6175	288 
6176	597 
6177	483 
6178	399 
6179	395 
6180	843 
6181	689 
6182	356 
6183	1101 
6184	246 
6185	391 
6186	751 
6187	942 
6188	747 
6189	1129 
6190	525 
6191	369 
6192	573 
6193	173 
6194	340 
6195	1050 
6196	812 
6197	1012 
6198	164 
6199	1046 
6200	1056 
6201	999 
6202	39 
6203	251 
6204	836 
6205	940 
6206	120 
6207	1020 
6208	198 
6209	246 
6210	266 
6211	24 
6212	270 
6213	1065 
6214	212 
6215	1089 
6216	6 
6217	635 
6218	558 
6219	185 
6220	544 
6221	264 
6222	1080 
6223	710 
6224	872 
6225	663 
6226	475 
6227	142 
6228	1057 
6229	1008 
6230	407 
6231	1123 
6232	711 
6233	165 
6234	520 
6235	449 
6236	632 
6237	1140 
6238	506 
6239	1021 
6240	488 
6241	963 
6242	378 
6243	63 
6244	1112 
6245	626 
6246	783 
6247	514 
6248	420 
6249	633 
6250	947 
6251	866 
6252	67 
6253	895 
6254	674 
6255	15 
6256	564 
6257	652 
6258	1120 
6259	475 
6260	956 
6261	1100 
6262	510 
6263	329 
6264	267 
6265	490 
6266	543 
6267	580 
6268	443 
6269	1133 
6270	367 
6271	985 
6272	1027 
6273	346 
6274	45 
6275	691 
6276	609 
6277	238 
6278	693 
6279	127 
6280	278 
6281	301 
6282	857 
6283	94 
6284	441 
6285	1062 
6286	314 
6287	791 
6288	127 
6289	499 
6290	626 
6291	60 
6292	198 
6293	641 
6294	1033 
6295	909 
6296	638 
6297	958 
6298	436 
6299	2 
6300	150 
6301	13 
6302	108 
6303	105 
6304	148 
6305	258 
6306	1065 
6307	260 
6308	327 
6309	292 
6310	563 
6311	509 
6312	922 
6313	157 
6314	563 
6315	297 
6316	42 
6317	455 
6318	259 
6319	34 
6320	1031 
6321	148 
6322	337 
6323	932 
6324	240 
6325	1137 
6326	112 
6327	771 
6328	1087 
6329	396 
6330	313 
6331	827 
6332	23 
6333	788 
6334	558 
6335	313 
6336	133 
6337	855 
6338	1027 
6339	18 
6340	237 
6341	605 
6342	772 
6343	537 
6344	762 
6345	533 
6346	145 
6347	663 
6348	327 
6349	774 
6350	639 
6351	1039 
6352	684 
6353	154 
6354	278 
6355	1042 
6356	803 
6357	11 
6358	1152 
6359	644 
6360	570 
6361	92 
6362	932 
6363	911 
6364	1144 
6365	684 
6366	841 
6367	549 
6368	457 
6369	629 
6370	15 
6371	724 
6372	483 
6373	1092 
6374	35 
6375	522 
6376	100 
6377	812 
6378	882 
6379	722 
6380	919 
6381	506 
6382	884 
6383	1001 
6384	1099 
6385	495 
6386	577 
6387	507 
6388	592 
6389	117 
6390	462 
6391	381 
6392	1107 
6393	521 
6394	457 
6395	824 
6396	394 
6397	920 
6398	496 
6399	1053 
6400	386 
6401	260 
6402	976 
6403	62 
6404	482 
6405	817 
6406	570 
6407	1019 
6408	814 
6409	411 
6410	1095 
6411	166 
6412	794 
6413	1135 
6414	1047 
6415	616 
6416	525 
6417	689 
6418	812 
6419	757 
6420	823 
6421	226 
6422	797 
6423	719 
6424	580 
6425	523 
6426	244 
6427	87 
6428	211 
6429	1051 
6430	286 
6431	19 
6432	381 
6433	198 
6434	1085 
6435	939 
6436	231 
6437	1064 
6438	241 
6439	935 
6440	527 
6441	666 
6442	36 
6443	671 
6444	1013 
6445	565 
6446	145 
6447	409 
6448	265 
6449	933 
6450	32 
6451	440 
6452	300 
6453	979 
6454	477 
6455	1019 
6456	353 
6457	365 
6458	883 
6459	102 
6460	765 
6461	896 
6462	187 
6463	471 
6464	1019 
6465	286 
6466	178 
6467	560 
6468	913 
6469	842 
6470	1081 
6471	116 
6472	224 
6473	940 
6474	772 
6475	815 
6476	999 
6477	89 
6478	100 
6479	925 
6480	176 
6481	333 
6482	740 
6483	536 
6484	999 
6485	537 
6486	720 
6487	1051 
6488	307 
6489	598 
6490	898 
6491	856 
6492	62 
6493	280 
6494	665 
6495	46 
6496	308 
6497	827 
6498	252 
6499	937 
6500	725 
6501	1125 
6502	567 
6503	477 
6504	489 
6505	803 
6506	364 
6507	163 
6508	1078 
6509	340 
6510	1031 
6511	412 
6512	360 
6513	354 
6514	586 
6515	960 
6516	408 
6517	48 
6518	147 
6519	1037 
6520	409 
6521	1058 
6522	801 
6523	632 
6524	454 
6525	879 
6526	161 
6527	510 
6528	269 
6529	65 
6530	529 
6531	164 
6532	555 
6533	1000 
6534	496 
6535	605 
6536	649 
6537	368 
6538	985 
6539	99 
6540	230 
6541	358 
6542	350 
6543	436 
6544	304 
6545	747 
6546	341 
6547	355 
6548	569 
6549	1092 
6550	53 
6551	642 
6552	166 
6553	565 
6554	798 
6555	778 
6556	697 
6557	381 
6558	328 
6559	624 
6560	1048 
6561	221 
6562	994 
6563	97 
6564	633 
6565	926 
6566	379 
6567	398 
6568	956 
6569	560 
6570	632 
6571	511 
6572	96 
6573	126 
6574	859 
6575	506 
6576	17 
6577	407 
6578	274 
6579	202 
6580	358 
6581	1135 
6582	1100 
6583	796 
6584	681 
6585	1110 
6586	522 
6587	1148 
6588	513 
6589	198 
6590	243 
6591	934 
6592	331 
6593	885 
6594	499 
6595	1023 
6596	1035 
6597	566 
6598	1102 
6599	833 
6600	723 
6601	154 
6602	490 
6603	572 
6604	220 
6605	1068 
6606	130 
6607	611 
6608	301 
6609	119 
6610	876 
6611	597 
6612	243 
6613	534 
6614	119 
6615	77 
6616	528 
6617	973 
6618	759 
6619	833 
6620	611 
6621	959 
6622	322 
6623	82 
6624	435 
6625	236 
6626	188 
6627	457 
6628	10 
6629	520 
6630	669 
6631	532 
6632	334 
6633	319 
6634	236 
6635	639 
6636	302 
6637	365 
6638	326 
6639	557 
6640	586 
6641	555 
6642	309 
6643	662 
6644	43 
6645	752 
6646	536 
6647	919 
6648	225 
6649	953 
6650	472 
6651	551 
6652	549 
6653	145 
6654	986 
6655	378 
6656	791 
6657	515 
6658	899 
6659	844 
6660	381 
6661	384 
6662	601 
6663	332 
6664	48 
6665	973 
6666	531 
6667	451 
6668	610 
6669	809 
6670	919 
6671	157 
6672	170 
6673	1055 
6674	266 
6675	322 
6676	510 
6677	747 
6678	312 
6679	747 
6680	472 
6681	881 
6682	1054 
6683	778 
6684	1130 
6685	372 
6686	111 
6687	653 
6688	391 
6689	130 
6690	32 
6691	398 
6692	344 
6693	1140 
6694	109 
6695	918 
6696	486 
6697	823 
6698	921 
6699	1109 
6700	1056 
6701	977 
6702	66 
6703	288 
6704	531 
6705	261 
6706	693 
6707	501 
6708	997 
6709	540 
6710	947 
6711	455 
6712	1106 
6713	579 
6714	423 
6715	1033 
6716	215 
6717	643 
6718	917 
6719	682 
6720	467 
6721	314 
6722	542 
6723	238 
6724	855 
6725	980 
6726	273 
6727	1055 
6728	1135 
6729	264 
6730	639 
6731	1065 
6732	695 
6733	240 
6734	777 
6735	775 
6736	24 
6737	76 
6738	987 
6739	211 
6740	1134 
6741	420 
6742	1124 
6743	481 
6744	497 
6745	478 
6746	194 
6747	521 
6748	217 
6749	971 
6750	821 
6751	971 
6752	440 
6753	220 
6754	1019 
6755	31 
6756	1110 
6757	419 
6758	789 
6759	512 
6760	1092 
6761	698 
6762	462 
6763	899 
6764	338 
6765	1123 
6766	140 
6767	76 
6768	1081 
6769	69 
6770	327 
6771	993 
6772	605 
6773	558 
6774	578 
6775	369 
6776	428 
6777	156 
6778	74 
6779	609 
6780	212 
6781	656 
6782	884 
6783	767 
6784	798 
6785	189 
6786	196 
6787	696 
6788	127 
6789	701 
6790	401 
6791	732 
6792	570 
6793	510 
6794	613 
6795	944 
6796	224 
6797	854 
6798	839 
6799	890 
6800	361 
6801	8 
6802	432 
6803	21 
6804	194 
6805	693 
6806	478 
6807	243 
6808	889 
6809	186 
6810	979 
6811	1028 
6812	257 
6813	470 
6814	468 
6815	688 
6816	754 
6817	81 
6818	751 
6819	72 
6820	1087 
6821	153 
6822	796 
6823	381 
6824	647 
6825	1001 
6826	246 
6827	315 
6828	1010 
6829	1099 
6830	294 
6831	157 
6832	1009 
6833	90 
6834	277 
6835	316 
6836	1049 
6837	1124 
6838	967 
6839	224 
6840	81 
6841	609 
6842	188 
6843	565 
6844	969 
6845	591 
6846	237 
6847	397 
6848	933 
6849	358 
6850	343 
6851	788 
6852	384 
6853	836 
6854	74 
6855	1122 
6856	197 
6857	467 
6858	194 
6859	900 
6860	391 
6861	1129 
6862	472 
6863	1058 
6864	192 
6865	322 
6866	813 
6867	894 
6868	723 
6869	283 
6870	392 
6871	465 
6872	512 
6873	822 
6874	300 
6875	893 
6876	164 
6877	141 
6878	315 
6879	163 
6880	471 
6881	239 
6882	668 
6883	910 
6884	863 
6885	617 
6886	650 
6887	979 
6888	764 
6889	317 
6890	352 
6891	1056 
6892	184 
6893	197 
6894	993 
6895	881 
6896	444 
6897	133 
6898	657 
6899	516 
6900	474 
6901	822 
6902	686 
6903	529 
6904	1118 
6905	340 
6906	699 
6907	355 
6908	565 
6909	206 
6910	1108 
6911	811 
6912	973 
6913	56 
6914	734 
6915	136 
6916	762 
6917	92 
6918	270 
6919	741 
6920	183 
6921	876 
6922	1017 
6923	38 
6924	906 
6925	244 
6926	315 
6927	978 
6928	145 
6929	625 
6930	399 
6931	69 
6932	49 
6933	1082 
6934	351 
6935	850 
6936	246 
6937	813 
6938	115 
6939	76 
6940	461 
6941	349 
6942	683 
6943	217 
6944	1112 
6945	569 
6946	823 
6947	960 
6948	924 
6949	114 
6950	266 
6951	708 
6952	906 
6953	668 
6954	951 
6955	411 
6956	697 
6957	604 
6958	443 
6959	88 
6960	400 
6961	754 
6962	897 
6963	130 
6964	208 
6965	1007 
6966	626 
6967	833 
6968	650 
6969	161 
6970	889 
6971	387 
6972	556 
6973	1114 
6974	512 
6975	937 
6976	501 
6977	36 
6978	1005 
6979	103 
6980	130 
6981	664 
6982	787 
6983	897 
6984	16 
6985	941 
6986	898 
6987	309 
6988	443 
6989	177 
6990	826 
6991	1146 
6992	139 
6993	396 
6994	718 
6995	389 
6996	565 
6997	703 
6998	39 
6999	628 
7000	85 
7001	354 
7002	410 
7003	183 
7004	152 
7005	587 
7006	57 
7007	447 
7008	26 
7009	608 
7010	144 
7011	540 
7012	378 
7013	39 
7014	535 
7015	1112 
7016	862 
7017	19 
7018	1046 
7019	761 
7020	923 
7021	779 
7022	326 
7023	791 
7024	45 
7025	754 
7026	577 
7027	896 
7028	550 
7029	675 
7030	723 
7031	797 
7032	202 
7033	351 
7034	1054 
7035	103 
7036	641 
7037	471 
7038	666 
7039	318 
7040	818 
7041	252 
7042	978 
7043	491 
7044	575 
7045	866 
7046	932 
7047	630 
7048	603 
7049	1107 
7050	793 
7051	810 
7052	1023 
7053	699 
7054	1145 
7055	1029 
7056	453 
7057	183 
7058	447 
7059	349 
7060	724 
7061	124 
7062	683 
7063	40 
7064	520 
7065	99 
7066	1117 
7067	704 
7068	983 
7069	118 
7070	627 
7071	341 
7072	228 
7073	850 
7074	236 
7075	632 
7076	947 
7077	563 
7078	850 
7079	719 
7080	282 
7081	553 
7082	258 
7083	288 
7084	929 
7085	981 
7086	965 
7087	545 
7088	459 
7089	1018 
7090	854 
7091	1083 
7092	45 
7093	1064 
7094	19 
7095	1042 
7096	264 
7097	532 
7098	8 
7099	88 
7100	635 
7101	9 
7102	1002 
7103	1151 
7104	220 
7105	1087 
7106	826 
7107	765 
7108	1071 
7109	174 
7110	744 
7111	523 
7112	822 
7113	240 
7114	1067 
7115	866 
7116	1054 
7117	1026 
7118	405 
7119	883 
7120	416 
7121	671 
7122	736 
7123	1090 
7124	207 
7125	1036 
7126	455 
7127	794 
7128	972 
7129	509 
7130	816 
7131	750 
7132	80 
7133	503 
7134	304 
7135	345 
7136	295 
7137	295 
7138	599 
7139	453 
7140	359 
7141	1074 
7142	912 
7143	154 
7144	157 
7145	160 
7146	223 
7147	510 
7148	643 
7149	281 
7150	949 
7151	988 
7152	484 
7153	174 
7154	502 
7155	922 
7156	1073 
7157	540 
7158	645 
7159	509 
7160	381 
7161	697 
7162	591 
7163	474 
7164	381 
7165	66 
7166	742 
7167	634 
7168	582 
7169	156 
7170	446 
7171	583 
7172	858 
7173	783 
7174	499 
7175	1090 
7176	1072 
7177	914 
7178	901 
7179	651 
7180	338 
7181	603 
7182	651 
7183	1106 
7184	766 
7185	930 
7186	1105 
7187	326 
7188	290 
7189	107 
7190	221 
7191	398 
7192	48 
7193	637 
7194	791 
7195	705 
7196	346 
7197	47 
7198	1015 
7199	851 
7200	946 
7201	527 
7202	82 
7203	794 
7204	526 
7205	778 
7206	538 
7207	1139 
7208	657 
7209	412 
7210	594 
7211	503 
7212	124 
7213	130 
7214	237 
7215	1143 
7216	808 
7217	849 
7218	601 
7219	1062 
7220	594 
7221	966 
7222	791 
7223	819 
7224	1145 
7225	849 
7226	719 
7227	779 
7228	64 
7229	226 
7230	235 
7231	622 
7232	221 
7233	48 
7234	145 
7235	1058 
7236	645 
7237	800 
7238	1101 
7239	1023 
7240	409 
7241	532 
7242	146 
7243	952 
7244	673 
7245	631 
7246	991 
7247	349 
7248	965 
7249	1152 
7250	899 
7251	934 
7252	1101 
7253	62 
7254	1078 
7255	770 
7256	7 
7257	33 
7258	630 
7259	811 
7260	182 
7261	679 
7262	388 
7263	415 
7264	799 
7265	968 
7266	635 
7267	949 
7268	247 
7269	585 
7270	999 
7271	944 
7272	444 
7273	285 
7274	196 
7275	1083 
7276	739 
7277	494 
7278	653 
7279	123 
7280	162 
7281	880 
7282	683 
7283	385 
7284	965 
7285	151 
7286	213 
7287	22 
7288	1000 
7289	611 
7290	832 
7291	213 
7292	212 
7293	988 
7294	885 
7295	711 
7296	573 
7297	849 
7298	6 
7299	141 
7300	1001 
7301	1046 
7302	680 
7303	547 
7304	509 
7305	321 
7306	155 
7307	452 
7308	568 
7309	7 
7310	25 
7311	432 
7312	909 
7313	472 
7314	295 
7315	511 
7316	815 
7317	182 
7318	408 
7319	554 
7320	13 
7321	395 
7322	527 
7323	531 
7324	606 
7325	799 
7326	1000 
7327	174 
7328	43 
7329	436 
7330	193 
7331	647 
7332	140 
7333	947 
7334	861 
7335	106 
7336	1056 
7337	107 
7338	598 
7339	1067 
7340	246 
7341	990 
7342	797 
7343	367 
7344	243 
7345	705 
7346	594 
7347	194 
7348	178 
7349	813 
7350	202 
7351	698 
7352	534 
7353	34 
7354	4 
7355	506 
7356	607 
7357	899 
7358	195 
7359	304 
7360	1144 
7361	237 
7362	384 
7363	433 
7364	935 
7365	317 
7366	1017 
7367	342 
7368	1101 
7369	514 
7370	127 
7371	1064 
7372	748 
7373	539 
7374	632 
7375	191 
7376	1147 
7377	984 
7378	196 
7379	140 
7380	537 
7381	751 
7382	163 
7383	1032 
7384	640 
7385	276 
7386	1069 
7387	919 
7388	267 
7389	387 
7390	785 
7391	279 
7392	538 
7393	93 
7394	232 
7395	558 
7396	717 
7397	969 
7398	928 
7399	1109 
7400	78 
7401	65 
7402	1089 
7403	569 
7404	828 
7405	190 
7406	99 
7407	442 
7408	926 
7409	725 
7410	344 
7411	775 
7412	1047 
7413	741 
7414	113 
7415	130 
7416	802 
7417	324 
7418	388 
7419	817 
7420	553 
7421	886 
7422	122 
7423	195 
7424	486 
7425	20 
7426	500 
7427	14 
7428	719 
7429	590 
7430	909 
7431	577 
7432	758 
7433	920 
7434	1080 
7435	218 
7436	140 
7437	582 
7438	247 
7439	906 
7440	644 
7441	492 
7442	232 
7443	346 
7444	1130 
7445	307 
7446	665 
7447	964 
7448	75 
7449	51 
7450	906 
7451	250 
7452	467 
7453	123 
7454	1088 
7455	162 
7456	550 
7457	405 
7458	453 
7459	162 
7460	1019 
7461	712 
7462	99 
7463	262 
7464	974 
7465	629 
7466	1108 
7467	382 
7468	186 
7469	612 
7470	1006 
7471	764 
7472	88 
7473	957 
7474	1040 
7475	563 
7476	54 
7477	970 
7478	635 
7479	789 
7480	566 
7481	846 
7482	571 
7483	550 
7484	89 
7485	1024 
7486	191 
7487	126 
7488	430 
7489	395 
7490	651 
7491	797 
7492	67 
7493	326 
7494	670 
7495	636 
7496	1105 
7497	1115 
7498	1023 
7499	594 
7500	673 
7501	346 
7502	94 
7503	966 
7504	665 
7505	697 
7506	179 
7507	279 
7508	860 
7509	728 
7510	1065 
7511	240 
7512	644 
7513	432 
7514	356 
7515	567 
7516	446 
7517	166 
7518	216 
7519	65 
7520	1137 
7521	100 
7522	202 
7523	811 
7524	850 
7525	1145 
7526	796 
7527	1143 
7528	270 
7529	31 
7530	1071 
7531	604 
7532	150 
7533	355 
7534	876 
7535	981 
7536	240 
7537	375 
7538	418 
7539	115 
7540	1009 
7541	95 
7542	270 
7543	320 
7544	787 
7545	283 
7546	926 
7547	788 
7548	289 
7549	979 
7550	10 
7551	1013 
7552	1086 
7553	729 
7554	510 
7555	702 
7556	609 
7557	447 
7558	1013 
7559	1096 
7560	786 
7561	316 
7562	681 
7563	1042 
7564	250 
7565	579 
7566	404 
7567	776 
7568	436 
7569	455 
7570	374 
7571	609 
7572	690 
7573	373 
7574	1125 
7575	1096 
7576	493 
7577	100 
7578	351 
7579	1022 
7580	192 
7581	500 
7582	287 
7583	344 
7584	461 
7585	1012 
7586	875 
7587	915 
7588	172 
7589	517 
7590	1108 
7591	327 
7592	266 
7593	690 
7594	518 
7595	761 
7596	27 
7597	634 
7598	322 
7599	1017 
7600	127 
7601	947 
7602	1131 
7603	747 
7604	693 
7605	1036 
7606	123 
7607	269 
7608	1125 
7609	707 
7610	901 
7611	788 
7612	1151 
7613	477 
7614	1050 
7615	373 
7616	270 
7617	758 
7618	834 
7619	506 
7620	954 
7621	449 
7622	58 
7623	245 
7624	900 
7625	505 
7626	957 
7627	648 
7628	889 
7629	626 
7630	436 
7631	569 
7632	849 
7633	817 
7634	437 
7635	121 
7636	246 
7637	89 
7638	865 
7639	1033 
7640	377 
7641	156 
7642	1082 
7643	174 
7644	705 
7645	610 
7646	683 
7647	1147 
7648	45 
7649	790 
7650	180 
7651	884 
7652	932 
7653	1066 
7654	698 
7655	919 
7656	483 
7657	753 
7658	1064 
7659	583 
7660	658 
7661	821 
7662	1041 
7663	142 
7664	755 
7665	492 
7666	1026 
7667	486 
7668	266 
7669	266 
7670	1105 
7671	553 
7672	410 
7673	341 
7674	1107 
7675	670 
7676	833 
7677	1136 
7678	145 
7679	529 
7680	597 
7681	519 
7682	1149 
7683	1148 
7684	315 
7685	741 
7686	569 
7687	896 
7688	71 
7689	371 
7690	1043 
7691	992 
7692	915 
7693	67 
7694	327 
7695	979 
7696	722 
7697	1046 
7698	397 
7699	968 
7700	1087 
7701	86 
7702	40 
7703	1026 
7704	596 
7705	649 
7706	638 
7707	394 
7708	33 
7709	711 
7710	137 
7711	1135 
7712	1073 
7713	1114 
7714	225 
7715	57 
7716	649 
7717	546 
7718	287 
7719	449 
7720	276 
7721	461 
7722	801 
7723	777 
7724	1056 
7725	92 
7726	212 
7727	351 
7728	11 
7729	298 
7730	854 
7731	1105 
7732	261 
7733	965 
7734	982 
7735	961 
7736	460 
7737	330 
7738	734 
7739	1031 
7740	10 
7741	872 
7742	507 
7743	20 
7744	589 
7745	292 
7746	232 
7747	499 
7748	21 
7749	999 
7750	357 
7751	849 
7752	657 
7753	164 
7754	1042 
7755	106 
7756	45 
7757	925 
7758	1151 
7759	178 
7760	836 
7761	855 
7762	761 
7763	95 
7764	23 
7765	300 
7766	564 
7767	994 
7768	546 
7769	1072 
7770	389 
7771	576 
7772	692 
7773	331 
7774	651 
7775	979 
7776	757 
7777	780 
7778	477 
7779	519 
7780	778 
7781	911 
7782	511 
7783	349 
7784	540 
7785	609 
7786	267 
7787	315 
7788	574 
7789	195 
7790	398 
7791	670 
7792	826 
7793	546 
7794	757 
7795	240 
7796	801 
7797	897 
7798	731 
7799	833 
7800	114 
7801	666 
7802	1001 
7803	1114 
7804	221 
7805	194 
7806	1057 
7807	420 
7808	150 
7809	356 
7810	1060 
7811	65 
7812	767 
7813	984 
7814	481 
7815	119 
7816	216 
7817	378 
7818	718 
7819	313 
7820	670 
7821	323 
7822	850 
7823	915 
7824	204 
7825	54 
7826	683 
7827	1145 
7828	844 
7829	973 
7830	51 
7831	187 
7832	597 
7833	95 
7834	712 
7835	313 
7836	830 
7837	414 
7838	333 
7839	1081 
7840	834 
7841	1132 
7842	212 
7843	14 
7844	672 
7845	285 
7846	386 
7847	410 
7848	198 
7849	258 
7850	883 
7851	886 
7852	460 
7853	548 
7854	28 
7855	634 
7856	1089 
7857	158 
7858	878 
7859	514 
7860	9 
7861	550 
7862	669 
7863	267 
7864	529 
7865	146 
7866	959 
7867	1001 
7868	930 
7869	170 
7870	946 
7871	206 
7872	808 
7873	174 
7874	854 
7875	407 
7876	575 
7877	35 
7878	1035 
7879	828 
7880	541 
7881	800 
7882	650 
7883	901 
7884	1119 
7885	771 
7886	433 
7887	724 
7888	666 
7889	457 
7890	722 
7891	296 
7892	95 
7893	682 
7894	670 
7895	115 
7896	834 
7897	805 
7898	243 
7899	893 
7900	538 
7901	10 
7902	723 
7903	581 
7904	883 
7905	741 
7906	823 
7907	906 
7908	957 
7909	613 
7910	233 
7911	31 
7912	241 
7913	177 
7914	919 
7915	582 
7916	901 
7917	157 
7918	515 
7919	926 
7920	209 
7921	701 
7922	533 
7923	158 
7924	546 
7925	1104 
7926	916 
7927	963 
7928	615 
7929	95 
7930	464 
7931	808 
7932	465 
7933	196 
7934	273 
7935	221 
7936	323 
7937	854 
7938	254 
7939	377 
7940	822 
7941	202 
7942	748 
7943	1090 
7944	945 
7945	690 
7946	537 
7947	336 
7948	695 
7949	450 
7950	915 
7951	447 
7952	385 
7953	123 
7954	112 
7955	813 
7956	213 
7957	11 
7958	530 
7959	430 
7960	225 
7961	922 
7962	1117 
7963	808 
7964	547 
7965	1100 
7966	295 
7967	873 
7968	1056 
7969	220 
7970	1046 
7971	967 
7972	356 
7973	1138 
7974	788 
7975	135 
7976	488 
7977	773 
7978	528 
7979	562 
7980	611 
7981	45 
7982	155 
7983	1075 
7984	663 
7985	268 
7986	474 
7987	447 
7988	427 
7989	622 
7990	588 
7991	1035 
7992	721 
7993	1017 
7994	612 
7995	46 
7996	1082 
7997	28 
7998	722 
7999	574 
8000	254 
8001	69 
8002	521 
8003	119 
8004	1027 
8005	276 
8006	376 
8007	200 
8008	697 
8009	374 
8010	1129 
8011	761 
8012	597 
8013	899 
8014	1108 
8015	1007 
8016	470 
8017	779 
8018	767 
8019	803 
8020	1000 
8021	455 
8022	319 
8023	761 
8024	657 
8025	380 
8026	292 
8027	226 
8028	27 
8029	1088 
8030	105 
8031	999 
8032	266 
8033	478 
8034	268 
8035	1088 
8036	132 
8037	157 
8038	1118 
8039	237 
8040	11 
8041	990 
8042	1001 
8043	1095 
8044	431 
8045	499 
8046	869 
8047	507 
8048	356 
8049	1135 
8050	540 
8051	844 
8052	521 
8053	63 
8054	809 
8055	275 
8056	900 
8057	123 
8058	649 
8059	757 
8060	780 
8061	990 
8062	605 
8063	626 
8064	1115 
8065	142 
8066	254 
8067	371 
8068	555 
8069	1050 
8070	1115 
8071	790 
8072	786 
8073	356 
8074	954 
8075	660 
8076	27 
8077	798 
8078	932 
8079	22 
8080	880 
8081	792 
8082	394 
8083	371 
8084	1107 
8085	378 
8086	1080 
8087	103 
8088	912 
8089	1141 
8090	796 
8091	760 
8092	724 
8093	627 
8094	931 
8095	286 
8096	840 
8097	84 
8098	797 
8099	570 
8100	285 
8101	506 
8102	533 
8103	982 
8104	457 
8105	919 
8106	374 
8107	715 
8108	748 
8109	517 
8110	357 
8111	455 
8112	321 
8113	52 
8114	672 
8115	317 
8116	495 
8117	322 
8118	189 
8119	150 
8120	489 
8121	628 
8122	864 
8123	476 
8124	511 
8125	1002 
8126	409 
8127	272 
8128	262 
8129	594 
8130	1046 
8131	610 
8132	351 
8133	408 
8134	1114 
8135	162 
8136	1139 
8137	778 
8138	755 
8139	883 
8140	261 
8141	103 
8142	480 
8143	825 
8144	112 
8145	772 
8146	976 
8147	250 
8148	937 
8149	409 
8150	815 
8151	1051 
8152	954 
8153	558 
8154	711 
8155	96 
8156	1054 
8157	224 
8158	717 
8159	569 
8160	647 
8161	42 
8162	1111 
8163	919 
8164	322 
8165	740 
8166	1115 
8167	669 
8168	1083 
8169	430 
8170	998 
8171	1052 
8172	1034 
8173	631 
8174	218 
8175	237 
8176	870 
8177	739 
8178	496 
8179	761 
8180	145 
8181	636 
8182	86 
8183	854 
8184	144 
8185	515 
8186	182 
8187	620 
8188	476 
8189	833 
8190	468 
8191	599 
8192	29 
8193	954 
8194	959 
8195	1067 
8196	16 
8197	575 
8198	1025 
8199	1080 
8200	163 
8201	550 
8202	507 
8203	162 
8204	575 
8205	145 
8206	401 
8207	592 
8208	703 
8209	670 
8210	398 
8211	88 
8212	74 
8213	1062 
8214	639 
8215	308 
8216	579 
8217	678 
8218	1056 
8219	603 
8220	532 
8221	145 
8222	317 
8223	732 
8224	660 
8225	542 
8226	977 
8227	51 
8228	802 
8229	215 
8230	276 
8231	998 
8232	76 
8233	472 
8234	502 
8235	1020 
8236	633 
8237	75 
8238	258 
8239	270 
8240	107 
8241	849 
8242	512 
8243	355 
8244	549 
8245	306 
8246	421 
8247	246 
8248	667 
8249	73 
8250	626 
8251	308 
8252	977 
8253	669 
8254	373 
8255	99 
8256	1074 
8257	742 
8258	338 
8259	501 
8260	1080 
8261	75 
8262	421 
8263	436 
8264	155 
8265	116 
8266	273 
8267	888 
8268	333 
8269	787 
8270	239 
8271	31 
8272	571 
8273	496 
8274	401 
8275	392 
8276	315 
8277	119 
8278	361 
8279	561 
8280	1052 
8281	791 
8282	900 
8283	469 
8284	987 
8285	831 
8286	325 
8287	1007 
8288	1108 
8289	514 
8290	257 
8291	14 
8292	787 
8293	221 
8294	686 
8295	549 
8296	384 
8297	496 
8298	1143 
8299	398 
8300	839 
8301	999 
8302	775 
8303	235 
8304	370 
8305	81 
8306	1053 
8307	698 
8308	1124 
8309	947 
8310	1119 
8311	200 
8312	323 
8313	920 
8314	954 
8315	590 
8316	240 
8317	338 
8318	260 
8319	641 
8320	938 
8321	1108 
8322	733 
8323	1120 
8324	683 
8325	1065 
8326	722 
8327	127 
8328	849 
8329	686 
8330	722 
8331	957 
8332	914 
8333	1014 
8334	270 
8335	885 
8336	1074 
8337	943 
8338	376 
8339	519 
8340	815 
8341	735 
8342	93 
8343	63 
8344	156 
8345	44 
8346	377 
8347	520 
8348	712 
8349	365 
8350	429 
8351	1093 
8352	6 
8353	460 
8354	581 
8355	521 
8356	771 
8357	242 
8358	563 
8359	857 
8360	951 
8361	351 
8362	521 
8363	810 
8364	256 
8365	490 
8366	224 
8367	899 
8368	671 
8369	1130 
8370	549 
8371	160 
8372	494 
8373	906 
8374	1019 
8375	406 
8376	158 
8377	408 
8378	373 
8379	589 
8380	632 
8381	496 
8382	659 
8383	1124 
8384	366 
8385	777 
8386	633 
8387	664 
8388	326 
8389	112 
8390	1110 
8391	39 
8392	634 
8393	455 
8394	357 
8395	999 
8396	650 
8397	1076 
8398	636 
8399	540 
8400	417 
8401	258 
8402	501 
8403	131 
8404	659 
8405	359 
8406	1118 
8407	626 
8408	1128 
8409	849 
8410	443 
8411	21 
8412	221 
8413	975 
8414	1073 
8415	1075 
8416	381 
8417	531 
8418	693 
8419	485 
8420	1141 
8421	666 
8422	524 
8423	64 
8424	458 
8425	519 
8426	1107 
8427	1099 
8428	679 
8429	711 
8430	1001 
8431	190 
8432	233 
8433	583 
8434	901 
8435	393 
8436	954 
8437	266 
8438	417 
8439	489 
8440	185 
8441	300 
8442	1152 
8443	658 
8444	635 
8445	432 
8446	683 
8447	596 
8448	1108 
8449	523 
8450	190 
8451	307 
8452	571 
8453	796 
8454	301 
8455	570 
8456	512 
8457	672 
8458	1064 
8459	1048 
8460	800 
8461	599 
8462	220 
8463	925 
8464	46 
8465	323 
8466	16 
8467	44 
8468	624 
8469	154 
8470	281 
8471	416 
8472	327 
8473	316 
8474	137 
8475	51 
8476	767 
8477	1023 
8478	1108 
8479	863 
8480	148 
8481	727 
8482	221 
8483	1084 
8484	115 
8485	999 
8486	413 
8487	183 
8488	729 
8489	951 
8490	105 
8491	622 
8492	322 
8493	240 
8494	507 
8495	794 
8496	724 
8497	1095 
8498	999 
8499	920 
8500	212 
8501	638 
8502	27 
8503	420 
8504	984 
8505	594 
8506	670 
8507	183 
8508	768 
8509	123 
8510	285 
8511	185 
8512	593 
8513	513 
8514	517 
8515	219 
8516	700 
8517	960 
8518	960 
8519	577 
8520	720 
8521	391 
8522	821 
8523	321 
8524	653 
8525	142 
8526	570 
8527	976 
8528	857 
8529	155 
8530	532 
8531	455 
8532	420 
8533	431 
8534	327 
8535	191 
8536	331 
8537	252 
8538	768 
8539	387 
8540	967 
8541	384 
8542	262 
8543	807 
8544	88 
8545	857 
8546	580 
8547	975 
8548	20 
8549	183 
8550	376 
8551	683 
8552	221 
8553	457 
8554	184 
8555	1069 
8556	650 
8557	524 
8558	8 
8559	462 
8560	863 
8561	75 
8562	997 
8563	860 
8564	1095 
8565	1105 
8566	445 
8567	1105 
8568	866 
8569	25 
8570	751 
8571	411 
8572	107 
8573	1056 
8574	621 
8575	596 
8576	272 
8577	1058 
8578	1130 
8579	187 
8580	506 
8581	478 
8582	417 
8583	824 
8584	224 
8585	894 
8586	813 
8587	268 
8588	852 
8589	266 
8590	791 
8591	945 
8592	525 
8593	288 
8594	328 
8595	1028 
8596	421 
8597	411 
8598	748 
8599	116 
8600	1078 
8601	288 
8602	368 
8603	273 
8604	947 
8605	322 
8606	1026 
8607	918 
8608	573 
8609	126 
8610	1152 
8611	256 
8612	638 
8613	865 
8614	845 
8615	432 
8616	270 
8617	214 
8618	1073 
8619	1001 
8620	275 
8621	570 
8622	97 
8623	580 
8624	1093 
8625	641 
8626	730 
8627	973 
8628	837 
8629	922 
8630	219 
8631	549 
8632	156 
8633	100 
8634	751 
8635	1028 
8636	665 
8637	909 
8638	441 
8639	889 
8640	1052 
8641	291 
8642	547 
8643	641 
8644	1081 
8645	759 
8646	638 
8647	471 
8648	772 
8649	788 
8650	342 
8651	917 
8652	63 
8653	937 
8654	1021 
8655	502 
8656	576 
8657	1033 
8658	202 
8659	385 
8660	495 
8661	1136 
8662	789 
8663	1105 
8664	1119 
8665	73 
8666	1142 
8667	678 
8668	108 
8669	830 
8670	988 
8671	518 
8672	267 
8673	953 
8674	632 
8675	630 
8676	1147 
8677	876 
8678	668 
8679	398 
8680	384 
8681	757 
8682	288 
8683	641 
8684	381 
8685	146 
8686	449 
8687	949 
8688	609 
8689	834 
8690	295 
8691	637 
8692	977 
8693	547 
8694	1118 
8695	3 
8696	910 
8697	646 
8698	88 
8699	447 
8700	732 
8701	1009 
8702	765 
8703	934 
8704	1013 
8705	327 
8706	947 
8707	304 
8708	1020 
8709	250 
8710	52 
8711	278 
8712	341 
8713	48 
8714	246 
8715	121 
8716	64 
8717	357 
8718	1152 
8719	306 
8720	19 
8721	819 
8722	920 
8723	776 
8724	443 
8725	1054 
8726	1121 
8727	261 
8728	979 
8729	591 
8730	112 
8731	346 
8732	11 
8733	775 
8734	943 
8735	317 
8736	919 
8737	120 
8738	1074 
8739	113 
8740	641 
8741	1101 
8742	988 
8743	730 
8744	752 
8745	189 
8746	1039 
8747	771 
8748	1143 
8749	772 
8750	834 
8751	765 
8752	1028 
8753	592 
8754	957 
8755	809 
8756	953 
8757	1142 
8758	10 
8759	878 
8760	932 
8761	1007 
8762	1080 
8763	660 
8764	540 
8765	626 
8766	976 
8767	1063 
8768	626 
8769	206 
8770	192 
8771	150 
8772	146 
8773	591 
8774	342 
8775	411 
8776	645 
8777	233 
8778	145 
8779	445 
8780	357 
8781	202 
8782	978 
8783	88 
8784	99 
8785	640 
8786	778 
8787	703 
8788	1020 
8789	429 
8790	536 
8791	869 
8792	43 
8793	141 
8794	278 
8795	393 
8796	470 
8797	919 
8798	97 
8799	260 
8800	789 
8801	1142 
8802	1026 
8803	547 
8804	43 
8805	121 
8806	156 
8807	889 
8808	426 
8809	513 
8810	634 
8811	965 
8812	1040 
8813	71 
8814	538 
8815	335 
8816	1140 
8817	93 
8818	639 
8819	345 
8820	1027 
8821	173 
8822	138 
8823	732 
8824	627 
8825	130 
8826	792 
8827	1101 
8828	538 
8829	1039 
8830	357 
8831	876 
8832	257 
8833	201 
8834	1101 
8835	590 
8836	1006 
8837	214 
8838	158 
8839	988 
8840	673 
8841	711 
8842	1129 
8843	536 
8844	453 
8845	518 
8846	10 
8847	437 
8848	1114 
8849	1075 
8850	869 
8851	193 
8852	699 
8853	590 
8854	269 
8855	1083 
8856	327 
8857	241 
8858	498 
8859	178 
8860	186 
8861	696 
8862	64 
8863	919 
8864	1072 
8865	247 
8866	470 
8867	937 
8868	988 
8869	960 
8870	592 
8871	261 
8872	533 
8873	156 
8874	299 
8875	514 
8876	788 
8877	999 
8878	550 
8879	660 
8880	1076 
8881	371 
8882	670 
8883	99 
8884	1054 
8885	430 
8886	1090 
8887	552 
8888	1125 
8889	252 
8890	88 
8891	302 
8892	22 
8893	788 
8894	243 
8895	832 
8896	590 
8897	826 
8898	261 
8899	696 
8900	237 
8901	1056 
8902	984 
8903	10 
8904	322 
8905	815 
8906	596 
8907	1 
8908	711 
8909	887 
8910	899 
8911	346 
8912	860 
8913	417 
8914	373 
8915	1063 
8916	779 
8917	904 
8918	627 
8919	506 
8920	1105 
8921	707 
8922	385 
8923	173 
8924	761 
8925	729 
8926	387 
8927	951 
8928	492 
8929	19 
8930	993 
8931	270 
8932	470 
8933	757 
8934	755 
8935	75 
8936	288 
8937	472 
8938	1123 
8939	1091 
8940	912 
8941	624 
8942	449 
8943	360 
8944	1114 
8945	160 
8946	1114 
8947	278 
8948	3 
8949	590 
8950	17 
8951	763 
8952	1144 
8953	1082 
8954	51 
8955	646 
8956	130 
8957	75 
8958	917 
8959	162 
8960	521 
8961	83 
8962	693 
8963	670 
8964	1108 
8965	19 
8966	783 
8967	1019 
8968	547 
8969	886 
8970	1023 
8971	239 
8972	63 
8973	812 
8974	356 
8975	485 
8976	524 
8977	189 
8978	801 
8979	558 
8980	697 
8981	351 
8982	840 
8983	643 
8984	1054 
8985	269 
8986	1149 
8987	473 
8988	653 
8989	113 
8990	502 
8991	808 
8992	997 
8993	825 
8994	200 
8995	253 
8996	46 
8997	1073 
8998	488 
8999	657 
9000	609 
9001	766 
9002	1110 
9003	625 
9004	722 
9005	483 
9006	448 
9007	632 
9008	510 
9009	1029 
9010	601 
9011	960 
9012	563 
9013	813 
9014	84 
9015	965 
9016	16 
9017	338 
9018	1007 
9019	198 
9020	483 
9021	561 
9022	732 
9023	15 
9024	688 
9025	458 
9026	857 
9027	732 
9028	1046 
9029	241 
9030	9 
9031	465 
9032	1057 
9033	755 
9034	311 
9035	1111 
9036	26 
9037	538 
9038	605 
9039	285 
9040	295 
9041	856 
9042	307 
9043	1111 
9044	932 
9045	792 
9046	779 
9047	330 
9048	635 
9049	965 
9050	712 
9051	912 
9052	28 
9053	24 
9054	225 
9055	1151 
9056	278 
9057	683 
9058	350 
9059	509 
9060	773 
9061	115 
9062	51 
9063	462 
9064	147 
9065	49 
9066	555 
9067	458 
9068	1013 
9069	856 
9070	631 
9071	51 
9072	539 
9073	665 
9074	653 
9075	1148 
9076	250 
9077	1125 
9078	1141 
9079	28 
9080	89 
9081	35 
9082	71 
9083	692 
9084	1130 
9085	747 
9086	614 
9087	1051 
9088	409 
9089	130 
9090	1090 
9091	1076 
9092	1075 
9093	761 
9094	547 
9095	800 
9096	963 
9097	166 
9098	678 
9099	796 
9100	64 
9101	1149 
9102	639 
9103	797 
9104	531 
9105	155 
9106	327 
9107	253 
9108	290 
9109	240 
9110	1106 
9111	1114 
9112	287 
9113	1058 
9114	954 
9115	1040 
9116	886 
9117	148 
9118	637 
9119	712 
9120	1096 
9121	416 
9122	651 
9123	1 
9124	190 
9125	856 
9126	571 
9127	108 
9128	384 
9129	67 
9130	374 
9131	893 
9132	213 
9133	39 
9134	278 
9135	670 
9136	237 
9137	849 
9138	946 
9139	373 
9140	54 
9141	740 
9142	957 
9143	390 
9144	1073 
9145	1057 
9146	106 
9147	188 
9148	220 
9149	69 
9150	897 
9151	225 
9152	533 
9153	1000 
9154	173 
9155	502 
9156	346 
9157	521 
9158	92 
9159	1071 
9160	702 
9161	424 
9162	501 
9163	757 
9164	1038 
9165	932 
9166	398 
9167	37 
9168	616 
9169	708 
9170	86 
9171	646 
9172	644 
9173	664 
9174	1125 
9175	257 
9176	324 
9177	1009 
9178	901 
9179	399 
9180	823 
9181	822 
9182	988 
9183	512 
9184	940 
9185	660 
9186	1112 
9187	778 
9188	957 
9189	638 
9190	100 
9191	209 
9192	979 
9193	1023 
9194	429 
9195	899 
9196	95 
9197	288 
9198	16 
9199	934 
9200	461 
9201	266 
9202	42 
9203	146 
9204	951 
9205	824 
9206	977 
9207	804 
9208	449 
9209	591 
9210	666 
9211	1000 
9212	812 
9213	993 
9214	707 
9215	937 
9216	200 
9217	819 
9218	154 
9219	147 
9220	914 
9221	976 
9222	1040 
9223	381 
9224	237 
9225	538 
9226	531 
9227	142 
9228	429 
9229	532 
9230	1006 
9231	787 
9232	826 
9233	115 
9234	148 
9235	267 
9236	329 
9237	887 
9238	100 
9239	858 
9240	301 
9241	776 
9242	49 
9243	474 
9244	998 
9245	984 
9246	409 
9247	954 
9248	115 
9249	292 
9250	290 
9251	506 
9252	71 
9253	1040 
9254	384 
9255	724 
9256	789 
9257	281 
9258	191 
9259	1121 
9260	397 
9261	236 
9262	270 
9263	218 
9264	659 
9265	141 
9266	88 
9267	872 
9268	740 
9269	833 
9270	94 
9271	740 
9272	349 
9273	792 
9274	267 
9275	411 
9276	410 
9277	1147 
9278	878 
9279	977 
9280	917 
9281	983 
9282	906 
9283	446 
9284	651 
9285	932 
9286	413 
9287	701 
9288	703 
9289	1069 
9290	575 
9291	603 
9292	3 
9293	590 
9294	632 
9295	657 
9296	884 
9297	1145 
9298	1148 
9299	169 
9300	552 
9301	546 
9302	650 
9303	107 
9304	776 
9305	502 
9306	975 
9307	625 
9308	329 
9309	730 
9310	751 
9311	33 
9312	1039 
9313	319 
9314	886 
9315	883 
9316	812 
9317	331 
9318	946 
9319	80 
9320	194 
9321	759 
9322	894 
9323	624 
9324	740 
9325	1100 
9326	758 
9327	502 
9328	803 
9329	498 
9330	285 
9331	723 
9332	338 
9333	983 
9334	1110 
9335	391 
9336	386 
9337	954 
9338	858 
9339	34 
9340	26 
9341	433 
9342	750 
9343	13 
9344	701 
9345	736 
9346	414 
9347	1125 
9348	316 
9349	833 
9350	19 
9351	218 
9352	649 
9353	979 
9354	483 
9355	1067 
9356	947 
9357	1032 
9358	64 
9359	1053 
9360	609 
9361	686 
9362	49 
9363	761 
9364	112 
9365	640 
9366	637 
9367	640 
9368	323 
9369	49 
9370	116 
9371	1019 
9372	1081 
9373	495 
9374	250 
9375	261 
9376	178 
9377	1136 
9378	155 
9379	411 
9380	624 
9381	1031 
9382	213 
9383	51 
9384	965 
9385	1148 
9386	1042 
9387	1112 
9388	281 
9389	315 
9390	94 
9391	247 
9392	239 
9393	766 
9394	184 
9395	290 
9396	865 
9397	1038 
9398	236 
9399	492 
9400	1120 
9401	640 
9402	1112 
9403	83 
9404	49 
9405	92 
9406	622 
9407	1149 
9408	446 
9409	121 
9410	99 
9411	901 
9412	1117 
9413	240 
9414	808 
9415	538 
9416	64 
9417	380 
9418	315 
9419	446 
9420	690 
9421	696 
9422	805 
9423	496 
9424	338 
9425	635 
9426	796 
9427	250 
9428	1075 
9429	542 
9430	555 
9431	804 
9432	630 
9433	638 
9434	880 
9435	196 
9436	370 
9437	449 
9438	311 
9439	778 
9440	534 
9441	789 
9442	658 
9443	123 
9444	295 
9445	446 
9446	490 
9447	1033 
9448	395 
9449	785 
9450	599 
9451	824 
9452	502 
9453	987 
9454	954 
9455	447 
9456	174 
9457	914 
9458	747 
9459	63 
9460	775 
9461	674 
9462	698 
9463	1144 
9464	192 
9465	448 
9466	857 
9467	953 
9468	563 
9469	356 
9470	839 
9471	256 
9472	1149 
9473	241 
9474	763 
9475	172 
9476	519 
9477	537 
9478	1101 
9479	1033 
9480	565 
9481	342 
9482	906 
9483	46 
9484	1105 
9485	722 
9486	998 
9487	558 
9488	1108 
9489	1117 
9490	1111 
9491	1054 
9492	395 
9493	922 
9494	812 
9495	677 
9496	627 
9497	127 
9498	384 
9499	127 
9500	331 
9501	1130 
9502	290 
9503	1058 
9504	436 
9505	558 
9506	1033 
9507	582 
9508	432 
9509	391 
9510	808 
9511	949 
9512	6 
9513	183 
9514	629 
9515	212 
9516	547 
9517	536 
9518	953 
9519	965 
9520	240 
9521	759 
9522	601 
9523	1096 
9524	300 
9525	865 
9526	703 
9527	983 
9528	304 
9529	443 
9530	697 
9531	788 
9532	947 
9533	292 
9534	515 
9535	792 
9536	740 
9537	909 
9538	919 
9539	789 
9540	57 
9541	545 
9542	1057 
9543	225 
9544	629 
9545	597 
9546	100 
9547	534 
9548	286 
9549	1055 
9550	416 
9551	164 
9552	237 
9553	147 
9554	174 
9555	536 
9556	631 
9557	699 
9558	1081 
9559	740 
9560	308 
9561	1100 
9562	174 
9563	295 
9564	446 
9565	1054 
9566	114 
9567	1035 
9568	815 
9569	368 
9570	773 
9571	502 
9572	496 
9573	565 
9574	136 
9575	51 
9576	446 
9577	502 
9578	465 
9579	212 
9580	635 
9581	1055 
9582	776 
9583	851 
9584	317 
9585	329 
9586	344 
9587	658 
9588	254 
9589	629 
9590	64 
9591	1149 
9592	1038 
9593	999 
9594	796 
9595	462 
9596	123 
9597	897 
9598	409 
9599	136 
9600	678 
9601	632 
9602	880 
9603	791 
9604	136 
9605	39 
9606	460 
9607	158 
9608	549 
9609	74 
9610	711 
9611	341 
9612	327 
9613	267 
9614	521 
9615	74 
9616	693 
9617	250 
9618	1009 
9619	947 
9620	83 
9621	194 
9622	269 
9623	953 
9624	381 
9625	1031 
9626	420 
9627	331 
9628	465 
9629	536 
9630	893 
9631	394 
9632	225 
9633	889 
9634	723 
9635	292 
9636	937 
9637	873 
9638	515 
9639	632 
9640	527 
9641	1000 
9642	722 
9643	313 
9644	196 
9645	299 
9646	368 
9647	608 
9648	27 
9649	632 
9650	967 
9651	511 
9652	1064 
9653	455 
9654	789 
9655	993 
9656	210 
9657	191 
9658	105 
9659	100 
9660	906 
9661	462 
9662	978 
9663	641 
9664	630 
9665	811 
9666	254 
9667	686 
9668	457 
9669	433 
9670	261 
9671	105 
9672	855 
9673	252 
9674	678 
9675	805 
9676	823 
9677	808 
9678	275 
9679	214 
9680	69 
9681	965 
9682	432 
9683	461 
9684	911 
9685	591 
9686	539 
9687	1040 
9688	644 
9689	1100 
9690	311 
9691	534 
9692	161 
9693	158 
9694	478 
9695	510 
9696	212 
9697	893 
9698	146 
9699	965 
9700	194 
9701	377 
9702	741 
9703	1054 
9704	697 
9705	571 
9706	855 
9707	161 
9708	938 
9709	1082 
9710	651 
9711	114 
9712	242 
9713	819 
9714	1098 
9715	373 
9716	317 
9717	979 
9718	311 
9719	385 
9720	529 
9721	338 
9722	1051 
9723	957 
9724	521 
9725	627 
9726	1054 
9727	1031 
9728	494 
9729	945 
9730	630 
9731	601 
9732	1084 
9733	957 
9734	49 
9735	356 
9736	1149 
9737	295 
9738	590 
9739	458 
9740	639 
9741	317 
9742	872 
9743	650 
9744	550 
9745	815 
9746	273 
9747	1117 
9748	71 
9749	703 
9750	801 
9751	603 
9752	636 
9753	791 
9754	547 
9755	276 
9756	909 
9757	243 
9758	529 
9759	95 
9760	917 
9761	411 
9762	778 
9763	267 
9764	453 
9765	260 
9766	776 
9767	603 
9768	722 
9769	1019 
9770	651 
9771	1105 
9772	873 
9773	765 
9774	580 
9775	562 
9776	65 
9777	1129 
9778	1054 
9779	290 
9780	590 
9781	699 
9782	200 
9783	577 
9784	1038 
9785	270 
9786	917 
9787	194 
9788	624 
9789	260 
9790	156 
9791	496 
9792	126 
9793	285 
9794	1000 
9795	288 
9796	984 
9797	641 
9798	630 
9799	601 
9800	385 
9801	527 
9802	338 
9803	154 
9804	364 
9805	539 
9806	123 
9807	609 
9808	76 
9809	501 
9810	453 
9811	708 
9812	1048 
9813	66 
9814	1047 
9815	254 
9816	292 
9817	960 
9818	323 
9819	766 
9820	779 
9821	665 
9822	1087 
9823	164 
9824	822 
9825	357 
9826	19 
9827	254 
9828	443 
9829	48 
9830	1001 
9831	49 
9832	356 
9833	932 
9834	119 
9835	1046 
9836	100 
9837	810 
9838	945 
9839	295 
9840	1095 
9841	1089 
9842	351 
9843	470 
9844	432 
9845	641 
9846	198 
9847	481 
9848	1056 
9849	949 
9850	653 
9851	196 
9852	761 
9853	650 
9854	701 
9855	262 
9856	443 
9857	635 
9858	920 
9859	789 
9860	1108 
9861	286 
9862	200 
9863	25 
9864	998 
9865	700 
9866	723 
9867	819 
9868	313 
9869	235 
9870	322 
9871	969 
9872	1144 
9873	1151 
9874	115 
9875	686 
9876	116 
9877	521 
9878	250 
9879	529 
9880	666 
9881	146 
9882	316 
9883	148 
9884	539 
9885	805 
9886	48 
9887	969 
9888	121 
9889	385 
9890	900 
9891	740 
9892	855 
9893	597 
9894	1038 
9895	631 
9896	965 
9897	200 
9898	938 
9899	285 
9900	275 
9901	937 
9902	1019 
9903	236 
9904	494 
9905	64 
9906	666 
9907	1151 
9908	650 
9909	123 
9910	919 
9911	414 
9912	697 
9913	849 
9914	449 
9915	415 
9916	420 
9917	436 
9918	436 
9919	650 
9920	603 
9921	66 
9922	330 
9923	712 
9924	355 
9925	967 
9926	342 
9927	757 
9928	89 
9929	819 
9930	285 
9931	669 
9932	1009 
9933	562 
9934	901 
9935	164 
9936	634 
9937	636 
9938	1090 
9939	1027 
9940	901 
9941	849 
9942	1090 
9943	779 
9944	349 
9945	671 
9946	414 
9947	660 
9948	683 
9949	741 
9950	601 
9951	920 
9952	993 
9953	690 
9954	63 
9955	1001 
9956	636 
9957	1145 
9958	385 
9959	66 
9960	973 
9961	643 
9962	899 
9963	349 
9964	665 
9965	455 
9966	938 
9967	1087 
9968	776 
9969	932 
9970	641 
9971	346 
9972	357 
9973	717 
9974	384 
9975	506 
9976	1101 
9977	357 
9978	327 
9979	292 
9980	157 
9981	258 
9982	1051 
9983	978 
9984	141 
9985	832 
9986	275 
9987	994 
9988	123 
9989	1072 
9990	385 
9991	415 
9992	536 
9993	1100 
9994	461 
9995	529 
9996	954 
9997	540 
9998	432 
9999	717 
10000	643 
