1	155 
2	119 
3	118 
4	47 
5	91 
6	24 
7	164 
8	164 
9	64 
10	121 
11	105 
12	10 
13	129 
14	94 
15	120 
16	61 
17	98 
18	32 
19	152 
20	19 
21	86 
22	131 
23	46 
24	69 
25	23 
26	19 
27	131 
28	3 
29	115 
30	61 
31	135 
32	95 
33	92 
34	131 
35	26 
36	3 
37	112 
38	49 
39	67 
40	19 
41	75 
42	130 
43	115 
44	31 
45	25 
46	44 
47	109 
48	65 
49	173 
50	73 
51	56 
52	142 
53	39 
54	167 
55	137 
56	144 
57	134 
58	135 
59	141 
60	164 
61	115 
62	141 
63	157 
64	89 
65	156 
66	132 
67	106 
68	100 
69	22 
70	79 
71	49 
72	65 
73	75 
74	162 
75	35 
76	42 
77	116 
78	85 
79	27 
80	131 
81	25 
82	105 
83	10 
84	147 
85	31 
86	133 
87	137 
88	115 
89	47 
90	29 
91	39 
92	29 
93	94 
94	51 
95	121 
96	165 
97	166 
98	99 
99	33 
100	170 
101	115 
102	51 
103	26 
104	66 
105	26 
106	139 
107	117 
108	72 
109	112 
110	19 
111	115 
112	34 
113	97 
114	114 
115	126 
116	90 
117	30 
118	82 
119	41 
120	11 
121	53 
122	91 
123	29 
124	19 
125	61 
126	56 
127	96 
128	146 
129	65 
130	6 
131	105 
132	71 
133	156 
134	166 
135	47 
136	106 
137	3 
138	79 
139	103 
140	49 
141	39 
142	145 
143	138 
144	179 
145	11 
146	52 
147	121 
148	64 
149	138 
150	59 
151	107 
152	89 
153	107 
154	87 
155	101 
156	94 
157	28 
158	5 
159	62 
160	53 
161	33 
162	48 
163	89 
164	64 
165	7 
166	25 
167	105 
168	107 
169	115 
170	99 
171	159 
172	146 
173	4 
174	164 
175	131 
176	8 
177	162 
178	39 
179	149 
180	103 
181	54 
182	112 
183	116 
184	46 
185	3 
186	22 
187	167 
188	107 
189	2 
190	114 
191	39 
192	144 
193	128 
194	148 
195	117 
196	124 
197	93 
198	76 
199	179 
200	21 
201	104 
202	93 
203	162 
204	102 
205	59 
206	173 
207	51 
208	68 
209	107 
210	150 
211	1 
212	88 
213	34 
214	157 
215	46 
216	86 
217	78 
218	107 
219	130 
220	91 
221	1 
222	107 
223	38 
224	103 
225	58 
226	36 
227	138 
228	127 
229	1 
230	87 
231	154 
232	102 
233	170 
234	29 
235	63 
236	154 
237	177 
238	73 
239	178 
240	162 
241	109 
242	145 
243	92 
244	116 
245	179 
246	169 
247	63 
248	4 
249	20 
250	97 
251	31 
252	44 
253	74 
254	162 
255	105 
256	81 
257	59 
258	155 
259	90 
260	70 
261	100 
262	19 
263	166 
264	21 
265	31 
266	19 
267	61 
268	42 
269	137 
270	79 
271	81 
272	42 
273	67 
274	104 
275	82 
276	63 
277	169 
278	45 
279	170 
280	129 
281	159 
282	49 
283	90 
284	62 
285	161 
286	10 
287	149 
288	146 
289	77 
290	115 
291	23 
292	122 
293	145 
294	133 
295	115 
296	131 
297	31 
298	146 
299	20 
300	2 
301	174 
302	162 
303	46 
304	92 
305	88 
306	131 
307	103 
308	88 
309	127 
310	46 
311	125 
312	103 
313	76 
314	42 
315	163 
316	152 
317	2 
318	176 
319	176 
320	20 
321	23 
322	134 
323	75 
324	97 
325	31 
326	106 
327	152 
328	140 
329	116 
330	105 
331	110 
332	119 
333	150 
334	136 
335	116 
336	161 
337	89 
338	169 
339	19 
340	178 
341	173 
342	127 
343	36 
344	173 
345	159 
346	100 
347	108 
348	58 
349	98 
350	29 
351	88 
352	165 
353	32 
354	10 
355	178 
356	126 
357	25 
358	50 
359	88 
360	150 
361	108 
362	146 
363	107 
364	59 
365	62 
366	45 
367	63 
368	17 
369	160 
370	63 
371	86 
372	107 
373	162 
374	145 
375	173 
376	174 
377	164 
378	53 
379	160 
380	71 
381	127 
382	132 
383	30 
384	146 
385	29 
386	41 
387	21 
388	137 
389	150 
390	19 
391	75 
392	46 
393	158 
394	15 
395	96 
396	146 
397	22 
398	86 
399	88 
400	125 
401	21 
402	155 
403	29 
404	146 
405	82 
406	7 
407	114 
408	115 
409	91 
410	160 
411	66 
412	82 
413	145 
414	15 
415	66 
416	116 
417	129 
418	34 
419	28 
420	133 
421	132 
422	63 
423	113 
424	72 
425	107 
426	92 
427	55 
428	52 
429	17 
430	113 
431	11 
432	94 
433	116 
434	105 
435	123 
436	29 
437	86 
438	157 
439	44 
440	116 
441	148 
442	121 
443	21 
444	80 
445	140 
446	127 
447	10 
448	57 
449	68 
450	51 
451	147 
452	56 
453	162 
454	88 
455	64 
456	140 
457	156 
458	174 
459	152 
460	142 
461	49 
462	71 
463	109 
464	154 
465	127 
466	120 
467	13 
468	88 
469	99 
470	89 
471	72 
472	118 
473	116 
474	138 
475	69 
476	74 
477	131 
478	58 
479	134 
480	2 
481	141 
482	67 
483	162 
484	146 
485	105 
486	146 
487	139 
488	102 
489	104 
490	51 
491	26 
492	124 
493	48 
494	84 
495	54 
496	46 
497	19 
498	137 
499	100 
500	77 
501	6 
502	61 
503	103 
504	49 
505	150 
506	30 
507	162 
508	148 
509	60 
510	169 
511	100 
512	54 
513	75 
514	84 
515	139 
516	105 
517	100 
518	31 
519	40 
520	11 
521	162 
522	76 
523	173 
524	164 
525	6 
526	99 
527	15 
528	20 
529	11 
530	23 
531	74 
532	75 
533	172 
534	106 
535	123 
536	104 
537	32 
538	48 
539	36 
540	41 
541	166 
542	33 
543	139 
544	142 
545	26 
546	8 
547	162 
548	159 
549	110 
550	13 
551	166 
552	45 
553	169 
554	95 
555	33 
556	130 
557	69 
558	9 
559	30 
560	65 
561	34 
562	119 
563	17 
564	32 
565	162 
566	156 
567	141 
568	48 
569	95 
570	34 
571	138 
572	176 
573	103 
574	35 
575	174 
576	107 
577	131 
578	49 
579	89 
580	110 
581	143 
582	22 
583	54 
584	127 
585	14 
586	80 
587	3 
588	43 
589	24 
590	40 
591	119 
592	117 
593	127 
594	68 
595	88 
596	97 
597	31 
598	75 
599	145 
600	113 
601	121 
602	144 
603	44 
604	34 
605	167 
606	154 
607	107 
608	146 
609	48 
610	136 
611	155 
612	77 
613	13 
614	50 
615	64 
616	45 
617	50 
618	62 
619	134 
620	144 
621	20 
622	108 
623	122 
624	17 
625	33 
626	91 
627	166 
628	61 
629	116 
630	155 
631	65 
632	9 
633	109 
634	79 
635	87 
636	47 
637	132 
638	119 
639	79 
640	45 
641	55 
642	83 
643	172 
644	44 
645	32 
646	116 
647	65 
648	115 
649	20 
650	175 
651	79 
652	140 
653	75 
654	115 
655	33 
656	61 
657	62 
658	8 
659	64 
660	46 
661	130 
662	162 
663	100 
664	145 
665	10 
666	172 
667	119 
668	66 
669	87 
670	66 
671	27 
672	68 
673	164 
674	97 
675	43 
676	93 
677	90 
678	103 
679	77 
680	65 
681	176 
682	42 
683	74 
684	62 
685	52 
686	105 
687	179 
688	32 
689	124 
690	145 
691	168 
692	155 
693	73 
694	25 
695	122 
696	123 
697	71 
698	16 
699	106 
700	145 
701	59 
702	95 
703	17 
704	62 
705	10 
706	46 
707	67 
708	86 
709	97 
710	127 
711	156 
712	133 
713	50 
714	127 
715	68 
716	148 
717	103 
718	114 
719	145 
720	32 
721	42 
722	124 
723	109 
724	80 
725	110 
726	161 
727	166 
728	64 
729	155 
730	101 
731	73 
732	63 
733	101 
734	52 
735	173 
736	94 
737	49 
738	130 
739	25 
740	80 
741	8 
742	34 
743	106 
744	49 
745	7 
746	78 
747	113 
748	79 
749	102 
750	57 
751	36 
752	86 
753	141 
754	19 
755	10 
756	27 
757	174 
758	33 
759	5 
760	8 
761	146 
762	156 
763	34 
764	116 
765	86 
766	127 
767	118 
768	16 
769	110 
770	1 
771	100 
772	74 
773	127 
774	59 
775	20 
776	125 
777	113 
778	7 
779	20 
780	92 
781	152 
782	104 
783	10 
784	137 
785	110 
786	107 
787	12 
788	19 
789	160 
790	30 
791	15 
792	99 
793	173 
794	10 
795	97 
796	57 
797	95 
798	31 
799	135 
800	19 
801	69 
802	96 
803	117 
804	8 
805	145 
806	92 
807	149 
808	58 
809	8 
810	156 
811	8 
812	79 
813	52 
814	67 
815	27 
816	86 
817	84 
818	44 
819	95 
820	75 
821	136 
822	150 
823	107 
824	68 
825	154 
826	114 
827	58 
828	29 
829	18 
830	6 
831	81 
832	15 
833	10 
834	100 
835	61 
836	148 
837	73 
838	98 
839	80 
840	69 
841	144 
842	107 
843	75 
844	147 
845	174 
846	118 
847	171 
848	97 
849	143 
850	156 
851	40 
852	75 
853	134 
854	165 
855	134 
856	1 
857	107 
858	116 
859	94 
860	94 
861	149 
862	42 
863	40 
864	90 
865	129 
866	74 
867	172 
868	34 
869	53 
870	94 
871	149 
872	119 
873	77 
874	127 
875	133 
876	134 
877	8 
878	115 
879	35 
880	5 
881	93 
882	156 
883	158 
884	124 
885	174 
886	117 
887	156 
888	76 
889	58 
890	156 
891	1 
892	70 
893	155 
894	54 
895	70 
896	129 
897	48 
898	30 
899	25 
900	30 
901	112 
902	15 
903	76 
904	35 
905	57 
906	56 
907	158 
908	98 
909	81 
910	89 
911	151 
912	77 
913	12 
914	54 
915	109 
916	66 
917	74 
918	35 
919	159 
920	81 
921	46 
922	154 
923	155 
924	62 
925	68 
926	109 
927	157 
928	107 
929	55 
930	22 
931	47 
932	172 
933	107 
934	141 
935	63 
936	23 
937	23 
938	12 
939	179 
940	2 
941	79 
942	134 
943	19 
944	77 
945	137 
946	64 
947	44 
948	60 
949	161 
950	164 
951	51 
952	126 
953	83 
954	51 
955	35 
956	100 
957	47 
958	86 
959	2 
960	45 
961	77 
962	156 
963	70 
964	24 
965	22 
966	28 
967	162 
968	136 
969	41 
970	8 
971	79 
972	112 
973	97 
974	2 
975	155 
976	6 
977	37 
978	130 
979	27 
980	108 
981	91 
982	60 
983	41 
984	175 
985	10 
986	150 
987	91 
988	163 
989	117 
990	156 
991	152 
992	65 
993	133 
994	67 
995	44 
996	114 
997	136 
998	165 
999	106 
1000	143 
1001	18 
1002	118 
1003	78 
1004	83 
1005	126 
1006	26 
1007	179 
1008	44 
1009	3 
1010	172 
1011	88 
1012	169 
1013	45 
1014	46 
1015	5 
1016	87 
1017	160 
1018	52 
1019	72 
1020	126 
1021	12 
1022	143 
1023	161 
1024	34 
1025	79 
1026	20 
1027	78 
1028	113 
1029	69 
1030	149 
1031	111 
1032	116 
1033	95 
1034	136 
1035	179 
1036	179 
1037	69 
1038	115 
1039	43 
1040	25 
1041	160 
1042	40 
1043	47 
1044	20 
1045	76 
1046	64 
1047	121 
1048	21 
1049	149 
1050	120 
1051	45 
1052	108 
1053	16 
1054	86 
1055	58 
1056	120 
1057	147 
1058	136 
1059	52 
1060	15 
1061	29 
1062	115 
1063	64 
1064	122 
1065	150 
1066	8 
1067	8 
1068	67 
1069	133 
1070	136 
1071	132 
1072	174 
1073	140 
1074	106 
1075	138 
1076	161 
1077	158 
1078	15 
1079	20 
1080	146 
1081	156 
1082	69 
1083	99 
1084	66 
1085	172 
1086	51 
1087	69 
1088	38 
1089	173 
1090	67 
1091	13 
1092	48 
1093	90 
1094	26 
1095	18 
1096	18 
1097	32 
1098	70 
1099	173 
1100	161 
1101	164 
1102	43 
1103	38 
1104	92 
1105	8 
1106	111 
1107	13 
1108	107 
1109	97 
1110	142 
1111	19 
1112	154 
1113	102 
1114	63 
1115	73 
1116	33 
1117	69 
1118	136 
1119	34 
1120	66 
1121	40 
1122	71 
1123	4 
1124	63 
1125	102 
1126	70 
1127	92 
1128	68 
1129	67 
1130	116 
1131	96 
1132	103 
1133	81 
1134	5 
1135	175 
1136	146 
1137	31 
1138	23 
1139	166 
1140	176 
1141	54 
1142	27 
1143	157 
1144	29 
1145	123 
1146	83 
1147	27 
1148	57 
1149	162 
1150	150 
1151	176 
1152	56 
1153	91 
1154	125 
1155	93 
1156	107 
1157	42 
1158	69 
1159	107 
1160	43 
1161	64 
1162	41 
1163	99 
1164	6 
1165	147 
1166	19 
1167	133 
1168	148 
1169	137 
1170	130 
1171	89 
1172	64 
1173	52 
1174	146 
1175	157 
1176	120 
1177	41 
1178	149 
1179	148 
1180	21 
1181	84 
1182	150 
1183	98 
1184	9 
1185	149 
1186	162 
1187	8 
1188	44 
1189	150 
1190	78 
1191	6 
1192	105 
1193	68 
1194	153 
1195	118 
1196	154 
1197	155 
1198	16 
1199	73 
1200	126 
1201	114 
1202	46 
1203	13 
1204	130 
1205	171 
1206	113 
1207	114 
1208	131 
1209	162 
1210	147 
1211	58 
1212	151 
1213	105 
1214	139 
1215	142 
1216	38 
1217	114 
1218	148 
1219	175 
1220	134 
1221	123 
1222	176 
1223	43 
1224	141 
1225	48 
1226	117 
1227	83 
1228	138 
1229	110 
1230	127 
1231	100 
1232	81 
1233	159 
1234	22 
1235	135 
1236	74 
1237	33 
1238	51 
1239	173 
1240	41 
1241	165 
1242	126 
1243	116 
1244	45 
1245	113 
1246	98 
1247	49 
1248	10 
1249	173 
1250	1 
1251	158 
1252	119 
1253	27 
1254	95 
1255	23 
1256	126 
1257	166 
1258	63 
1259	6 
1260	163 
1261	49 
1262	95 
1263	63 
1264	43 
1265	130 
1266	157 
1267	88 
1268	79 
1269	56 
1270	69 
1271	66 
1272	89 
1273	28 
1274	76 
1275	103 
1276	23 
1277	57 
1278	112 
1279	71 
1280	27 
1281	168 
1282	14 
1283	119 
1284	136 
1285	129 
1286	59 
1287	34 
1288	179 
1289	39 
1290	34 
1291	76 
1292	112 
1293	8 
1294	89 
1295	56 
1296	140 
1297	164 
1298	128 
1299	16 
1300	145 
1301	143 
1302	97 
1303	83 
1304	105 
1305	129 
1306	164 
1307	78 
1308	169 
1309	120 
1310	170 
1311	4 
1312	74 
1313	100 
1314	153 
1315	139 
1316	115 
1317	14 
1318	60 
1319	127 
1320	21 
1321	85 
1322	174 
1323	164 
1324	172 
1325	35 
1326	11 
1327	19 
1328	10 
1329	39 
1330	16 
1331	85 
1332	114 
1333	92 
1334	116 
1335	33 
1336	97 
1337	117 
1338	99 
1339	8 
1340	153 
1341	101 
1342	60 
1343	147 
1344	95 
1345	165 
1346	13 
1347	163 
1348	109 
1349	174 
1350	164 
1351	123 
1352	80 
1353	88 
1354	17 
1355	119 
1356	44 
1357	66 
1358	158 
1359	112 
1360	54 
1361	56 
1362	154 
1363	33 
1364	172 
1365	95 
1366	48 
1367	65 
1368	154 
1369	92 
1370	76 
1371	63 
1372	169 
1373	126 
1374	135 
1375	36 
1376	130 
1377	138 
1378	143 
1379	92 
1380	63 
1381	139 
1382	79 
1383	43 
1384	5 
1385	107 
1386	93 
1387	121 
1388	18 
1389	39 
1390	84 
1391	117 
1392	77 
1393	16 
1394	39 
1395	161 
1396	34 
1397	142 
1398	61 
1399	8 
1400	112 
1401	49 
1402	130 
1403	149 
1404	28 
1405	74 
1406	100 
1407	103 
1408	175 
1409	150 
1410	162 
1411	13 
1412	32 
1413	9 
1414	112 
1415	4 
1416	161 
1417	164 
1418	76 
1419	28 
1420	79 
1421	114 
1422	140 
1423	161 
1424	32 
1425	70 
1426	167 
1427	47 
1428	175 
1429	91 
1430	114 
1431	114 
1432	86 
1433	168 
1434	55 
1435	11 
1436	24 
1437	61 
1438	54 
1439	147 
1440	42 
1441	69 
1442	56 
1443	99 
1444	23 
1445	134 
1446	130 
1447	125 
1448	111 
1449	67 
1450	162 
1451	130 
1452	160 
1453	134 
1454	97 
1455	142 
1456	18 
1457	48 
1458	8 
1459	64 
1460	69 
1461	71 
1462	74 
1463	6 
1464	33 
1465	142 
1466	110 
1467	159 
1468	84 
1469	71 
1470	177 
1471	39 
1472	79 
1473	92 
1474	102 
1475	135 
1476	94 
1477	110 
1478	160 
1479	81 
1480	25 
1481	75 
1482	41 
1483	157 
1484	84 
1485	169 
1486	35 
1487	70 
1488	20 
1489	6 
1490	54 
1491	92 
1492	74 
1493	89 
1494	44 
1495	56 
1496	121 
1497	118 
1498	85 
1499	73 
1500	139 
1501	72 
1502	119 
1503	115 
1504	124 
1505	136 
1506	45 
1507	19 
1508	131 
1509	122 
1510	87 
1511	74 
1512	74 
1513	20 
1514	82 
1515	45 
1516	103 
1517	109 
1518	107 
1519	150 
1520	7 
1521	93 
1522	130 
1523	168 
1524	163 
1525	29 
1526	89 
1527	145 
1528	40 
1529	161 
1530	112 
1531	17 
1532	164 
1533	25 
1534	100 
1535	168 
1536	33 
1537	3 
1538	72 
1539	123 
1540	57 
1541	159 
1542	170 
1543	1 
1544	32 
1545	126 
1546	132 
1547	132 
1548	104 
1549	20 
1550	12 
1551	165 
1552	28 
1553	114 
1554	19 
1555	157 
1556	98 
1557	84 
1558	174 
1559	135 
1560	65 
1561	146 
1562	172 
1563	132 
1564	145 
1565	170 
1566	35 
1567	4 
1568	130 
1569	8 
1570	4 
1571	125 
1572	160 
1573	101 
1574	168 
1575	161 
1576	74 
1577	89 
1578	18 
1579	110 
1580	168 
1581	126 
1582	175 
1583	67 
1584	23 
1585	15 
1586	115 
1587	114 
1588	167 
1589	128 
1590	73 
1591	123 
1592	172 
1593	68 
1594	114 
1595	160 
1596	92 
1597	76 
1598	4 
1599	130 
1600	131 
1601	153 
1602	146 
1603	152 
1604	129 
1605	61 
1606	138 
1607	100 
1608	138 
1609	63 
1610	61 
1611	114 
1612	17 
1613	94 
1614	137 
1615	141 
1616	22 
1617	9 
1618	13 
1619	106 
1620	108 
1621	37 
1622	88 
1623	1 
1624	134 
1625	144 
1626	136 
1627	91 
1628	8 
1629	45 
1630	175 
1631	59 
1632	100 
1633	175 
1634	35 
1635	140 
1636	126 
1637	49 
1638	92 
1639	163 
1640	115 
1641	12 
1642	128 
1643	25 
1644	78 
1645	50 
1646	56 
1647	70 
1648	173 
1649	8 
1650	51 
1651	179 
1652	12 
1653	24 
1654	37 
1655	112 
1656	166 
1657	75 
1658	127 
1659	136 
1660	155 
1661	174 
1662	123 
1663	111 
1664	65 
1665	165 
1666	116 
1667	67 
1668	40 
1669	141 
1670	70 
1671	174 
1672	75 
1673	103 
1674	163 
1675	83 
1676	39 
1677	168 
1678	106 
1679	66 
1680	127 
1681	179 
1682	176 
1683	146 
1684	31 
1685	65 
1686	114 
1687	43 
1688	142 
1689	37 
1690	64 
1691	53 
1692	38 
1693	95 
1694	40 
1695	17 
1696	170 
1697	148 
1698	172 
1699	99 
1700	21 
1701	173 
1702	88 
1703	10 
1704	58 
1705	18 
1706	139 
1707	148 
1708	145 
1709	106 
1710	146 
1711	118 
1712	44 
1713	19 
1714	65 
1715	166 
1716	93 
1717	30 
1718	108 
1719	129 
1720	71 
1721	163 
1722	36 
1723	165 
1724	12 
1725	99 
1726	59 
1727	106 
1728	164 
1729	158 
1730	15 
1731	164 
1732	166 
1733	174 
1734	62 
1735	172 
1736	1 
1737	132 
1738	22 
1739	44 
1740	156 
1741	138 
1742	10 
1743	174 
1744	132 
1745	150 
1746	82 
1747	44 
1748	42 
1749	56 
1750	13 
1751	146 
1752	173 
1753	9 
1754	131 
1755	70 
1756	92 
1757	40 
1758	76 
1759	158 
1760	147 
1761	52 
1762	160 
1763	27 
1764	148 
1765	145 
1766	97 
1767	108 
1768	2 
1769	73 
1770	16 
1771	30 
1772	151 
1773	109 
1774	2 
1775	137 
1776	168 
1777	158 
1778	78 
1779	20 
1780	123 
1781	13 
1782	140 
1783	143 
1784	68 
1785	174 
1786	92 
1787	7 
1788	4 
1789	124 
1790	43 
1791	81 
1792	150 
1793	19 
1794	73 
1795	82 
1796	122 
1797	86 
1798	60 
1799	26 
1800	64 
1801	124 
1802	61 
1803	34 
1804	59 
1805	166 
1806	6 
1807	45 
1808	57 
1809	14 
1810	51 
1811	162 
1812	139 
1813	99 
1814	156 
1815	31 
1816	56 
1817	27 
1818	66 
1819	40 
1820	127 
1821	29 
1822	28 
1823	166 
1824	34 
1825	90 
1826	79 
1827	169 
1828	25 
1829	131 
1830	126 
1831	126 
1832	12 
1833	171 
1834	4 
1835	112 
1836	14 
1837	65 
1838	107 
1839	57 
1840	130 
1841	74 
1842	133 
1843	16 
1844	130 
1845	95 
1846	88 
1847	91 
1848	141 
1849	19 
1850	79 
1851	162 
1852	47 
1853	99 
1854	93 
1855	105 
1856	58 
1857	119 
1858	7 
1859	55 
1860	167 
1861	139 
1862	100 
1863	112 
1864	16 
1865	81 
1866	131 
1867	96 
1868	57 
1869	129 
1870	177 
1871	89 
1872	115 
1873	79 
1874	177 
1875	43 
1876	147 
1877	85 
1878	59 
1879	52 
1880	92 
1881	63 
1882	54 
1883	160 
1884	165 
1885	173 
1886	116 
1887	84 
1888	95 
1889	136 
1890	46 
1891	64 
1892	68 
1893	45 
1894	60 
1895	162 
1896	89 
1897	25 
1898	51 
1899	128 
1900	74 
1901	119 
1902	84 
1903	95 
1904	130 
1905	1 
1906	42 
1907	154 
1908	46 
1909	95 
1910	100 
1911	27 
1912	143 
1913	177 
1914	136 
1915	67 
1916	74 
1917	48 
1918	155 
1919	14 
1920	126 
1921	67 
1922	22 
1923	107 
1924	51 
1925	161 
1926	106 
1927	116 
1928	73 
1929	72 
1930	14 
1931	54 
1932	169 
1933	129 
1934	37 
1935	5 
1936	4 
1937	61 
1938	140 
1939	153 
1940	155 
1941	107 
1942	105 
1943	35 
1944	33 
1945	100 
1946	45 
1947	111 
1948	111 
1949	52 
1950	108 
1951	95 
1952	79 
1953	155 
1954	100 
1955	102 
1956	99 
1957	86 
1958	24 
1959	84 
1960	83 
1961	111 
1962	34 
1963	88 
1964	54 
1965	9 
1966	144 
1967	123 
1968	15 
1969	114 
1970	24 
1971	97 
1972	75 
1973	10 
1974	58 
1975	107 
1976	17 
1977	40 
1978	92 
1979	66 
1980	84 
1981	16 
1982	69 
1983	125 
1984	145 
1985	176 
1986	138 
1987	98 
1988	18 
1989	166 
1990	30 
1991	13 
1992	100 
1993	74 
1994	81 
1995	151 
1996	95 
1997	54 
1998	116 
1999	65 
2000	147 
2001	78 
2002	147 
2003	39 
2004	179 
2005	156 
2006	42 
2007	143 
2008	89 
2009	135 
2010	149 
2011	82 
2012	57 
2013	173 
2014	12 
2015	46 
2016	78 
2017	70 
2018	20 
2019	140 
2020	81 
2021	39 
2022	147 
2023	114 
2024	121 
2025	10 
2026	128 
2027	171 
2028	48 
2029	109 
2030	176 
2031	122 
2032	123 
2033	99 
2034	144 
2035	105 
2036	5 
2037	173 
2038	62 
2039	141 
2040	25 
2041	129 
2042	22 
2043	58 
2044	46 
2045	125 
2046	100 
2047	174 
2048	165 
2049	44 
2050	151 
2051	145 
2052	94 
2053	177 
2054	161 
2055	160 
2056	169 
2057	130 
2058	74 
2059	49 
2060	78 
2061	7 
2062	125 
2063	90 
2064	38 
2065	163 
2066	51 
2067	37 
2068	66 
2069	134 
2070	21 
2071	117 
2072	147 
2073	129 
2074	103 
2075	145 
2076	117 
2077	146 
2078	157 
2079	113 
2080	21 
2081	31 
2082	119 
2083	146 
2084	99 
2085	161 
2086	16 
2087	130 
2088	142 
2089	106 
2090	35 
2091	99 
2092	73 
2093	9 
2094	156 
2095	39 
2096	64 
2097	104 
2098	102 
2099	145 
2100	28 
2101	71 
2102	12 
2103	7 
2104	108 
2105	120 
2106	59 
2107	166 
2108	43 
2109	71 
2110	68 
2111	10 
2112	50 
2113	164 
2114	179 
2115	65 
2116	48 
2117	105 
2118	90 
2119	86 
2120	118 
2121	112 
2122	157 
2123	165 
2124	125 
2125	86 
2126	155 
2127	78 
2128	36 
2129	94 
2130	3 
2131	104 
2132	43 
2133	64 
2134	160 
2135	89 
2136	140 
2137	161 
2138	70 
2139	61 
2140	56 
2141	138 
2142	162 
2143	57 
2144	49 
2145	102 
2146	41 
2147	75 
2148	90 
2149	13 
2150	39 
2151	55 
2152	144 
2153	94 
2154	51 
2155	11 
2156	110 
2157	147 
2158	25 
2159	63 
2160	133 
2161	81 
2162	162 
2163	107 
2164	51 
2165	117 
2166	115 
2167	148 
2168	127 
2169	93 
2170	149 
2171	130 
2172	165 
2173	138 
2174	171 
2175	20 
2176	101 
2177	133 
2178	78 
2179	44 
2180	99 
2181	2 
2182	145 
2183	141 
2184	95 
2185	172 
2186	173 
2187	76 
2188	89 
2189	27 
2190	127 
2191	155 
2192	83 
2193	35 
2194	121 
2195	121 
2196	20 
2197	111 
2198	13 
2199	61 
2200	63 
2201	143 
2202	88 
2203	111 
2204	153 
2205	89 
2206	133 
2207	166 
2208	145 
2209	35 
2210	128 
2211	44 
2212	75 
2213	73 
2214	137 
2215	172 
2216	43 
2217	119 
2218	123 
2219	137 
2220	135 
2221	104 
2222	84 
2223	78 
2224	13 
2225	38 
2226	177 
2227	59 
2228	30 
2229	40 
2230	85 
2231	154 
2232	54 
2233	154 
2234	176 
2235	130 
2236	161 
2237	6 
2238	99 
2239	65 
2240	117 
2241	130 
2242	6 
2243	76 
2244	64 
2245	28 
2246	80 
2247	128 
2248	64 
2249	67 
2250	37 
2251	11 
2252	163 
2253	59 
2254	36 
2255	88 
2256	148 
2257	66 
2258	101 
2259	31 
2260	89 
2261	88 
2262	36 
2263	105 
2264	87 
2265	132 
2266	92 
2267	173 
2268	135 
2269	47 
2270	47 
2271	118 
2272	123 
2273	109 
2274	32 
2275	25 
2276	6 
2277	44 
2278	154 
2279	162 
2280	116 
2281	154 
2282	139 
2283	147 
2284	116 
2285	95 
2286	26 
2287	165 
2288	56 
2289	33 
2290	107 
2291	39 
2292	62 
2293	15 
2294	49 
2295	164 
2296	21 
2297	55 
2298	108 
2299	104 
2300	136 
2301	88 
2302	10 
2303	93 
2304	141 
2305	79 
2306	35 
2307	157 
2308	75 
2309	10 
2310	147 
2311	111 
2312	32 
2313	81 
2314	119 
2315	95 
2316	136 
2317	132 
2318	38 
2319	12 
2320	8 
2321	134 
2322	72 
2323	80 
2324	11 
2325	120 
2326	144 
2327	104 
2328	36 
2329	157 
2330	74 
2331	27 
2332	66 
2333	169 
2334	34 
2335	21 
2336	167 
2337	99 
2338	19 
2339	79 
2340	44 
2341	63 
2342	69 
2343	47 
2344	123 
2345	74 
2346	19 
2347	18 
2348	11 
2349	125 
2350	35 
2351	115 
2352	46 
2353	59 
2354	101 
2355	113 
2356	92 
2357	18 
2358	151 
2359	57 
2360	177 
2361	164 
2362	82 
2363	54 
2364	61 
2365	159 
2366	173 
2367	130 
2368	172 
2369	97 
2370	35 
2371	132 
2372	81 
2373	28 
2374	83 
2375	100 
2376	77 
2377	144 
2378	45 
2379	15 
2380	22 
2381	69 
2382	90 
2383	18 
2384	88 
2385	67 
2386	45 
2387	127 
2388	9 
2389	105 
2390	123 
2391	114 
2392	51 
2393	27 
2394	143 
2395	169 
2396	173 
2397	85 
2398	9 
2399	45 
2400	95 
2401	30 
2402	154 
2403	174 
2404	40 
2405	91 
2406	119 
2407	32 
2408	169 
2409	8 
2410	148 
2411	115 
2412	139 
2413	143 
2414	9 
2415	4 
2416	158 
2417	144 
2418	145 
2419	33 
2420	10 
2421	155 
2422	15 
2423	51 
2424	92 
2425	7 
2426	50 
2427	127 
2428	176 
2429	14 
2430	55 
2431	126 
2432	57 
2433	64 
2434	103 
2435	67 
2436	38 
2437	119 
2438	46 
2439	122 
2440	39 
2441	112 
2442	43 
2443	85 
2444	129 
2445	54 
2446	82 
2447	150 
2448	103 
2449	88 
2450	116 
2451	22 
2452	63 
2453	32 
2454	112 
2455	103 
2456	65 
2457	168 
2458	92 
2459	106 
2460	71 
2461	83 
2462	141 
2463	133 
2464	64 
2465	45 
2466	88 
2467	69 
2468	60 
2469	47 
2470	23 
2471	154 
2472	13 
2473	103 
2474	64 
2475	30 
2476	107 
2477	109 
2478	160 
2479	166 
2480	83 
2481	102 
2482	42 
2483	109 
2484	128 
2485	139 
2486	47 
2487	123 
2488	53 
2489	124 
2490	110 
2491	119 
2492	133 
2493	37 
2494	107 
2495	3 
2496	173 
2497	132 
2498	98 
2499	151 
2500	89 
2501	176 
2502	108 
2503	3 
2504	165 
2505	10 
2506	28 
2507	3 
2508	132 
2509	56 
2510	156 
2511	145 
2512	152 
2513	39 
2514	23 
2515	174 
2516	121 
2517	70 
2518	93 
2519	156 
2520	145 
2521	61 
2522	2 
2523	146 
2524	40 
2525	1 
2526	23 
2527	149 
2528	84 
2529	138 
2530	76 
2531	75 
2532	97 
2533	51 
2534	6 
2535	10 
2536	9 
2537	38 
2538	121 
2539	138 
2540	117 
2541	132 
2542	27 
2543	114 
2544	142 
2545	128 
2546	164 
2547	13 
2548	156 
2549	42 
2550	39 
2551	150 
2552	36 
2553	14 
2554	16 
2555	88 
2556	84 
2557	107 
2558	21 
2559	173 
2560	170 
2561	133 
2562	47 
2563	157 
2564	177 
2565	52 
2566	18 
2567	1 
2568	150 
2569	79 
2570	99 
2571	79 
2572	115 
2573	92 
2574	22 
2575	167 
2576	45 
2577	16 
2578	150 
2579	103 
2580	130 
2581	89 
2582	1 
2583	27 
2584	81 
2585	128 
2586	75 
2587	179 
2588	60 
2589	25 
2590	138 
2591	116 
2592	114 
2593	135 
2594	8 
2595	117 
2596	174 
2597	142 
2598	164 
2599	145 
2600	140 
2601	68 
2602	15 
2603	92 
2604	102 
2605	134 
2606	27 
2607	71 
2608	129 
2609	149 
2610	141 
2611	29 
2612	162 
2613	137 
2614	102 
2615	117 
2616	66 
2617	77 
2618	57 
2619	162 
2620	146 
2621	10 
2622	174 
2623	139 
2624	15 
2625	116 
2626	35 
2627	87 
2628	61 
2629	126 
2630	146 
2631	68 
2632	113 
2633	92 
2634	107 
2635	40 
2636	146 
2637	166 
2638	166 
2639	170 
2640	135 
2641	3 
2642	22 
2643	74 
2644	105 
2645	97 
2646	160 
2647	74 
2648	125 
2649	107 
2650	101 
2651	94 
2652	107 
2653	138 
2654	123 
2655	114 
2656	19 
2657	140 
2658	10 
2659	166 
2660	173 
2661	110 
2662	17 
2663	150 
2664	27 
2665	53 
2666	91 
2667	60 
2668	113 
2669	15 
2670	160 
2671	154 
2672	124 
2673	168 
2674	94 
2675	121 
2676	75 
2677	141 
2678	106 
2679	173 
2680	153 
2681	81 
2682	127 
2683	154 
2684	114 
2685	72 
2686	89 
2687	133 
2688	81 
2689	134 
2690	154 
2691	161 
2692	158 
2693	115 
2694	155 
2695	67 
2696	80 
2697	124 
2698	154 
2699	142 
2700	173 
2701	100 
2702	23 
2703	108 
2704	47 
2705	114 
2706	41 
2707	58 
2708	123 
2709	106 
2710	47 
2711	139 
2712	68 
2713	92 
2714	91 
2715	68 
2716	142 
2717	88 
2718	143 
2719	125 
2720	125 
2721	86 
2722	114 
2723	13 
2724	67 
2725	116 
2726	155 
2727	43 
2728	176 
2729	37 
2730	157 
2731	148 
2732	83 
2733	144 
2734	72 
2735	170 
2736	170 
2737	169 
2738	50 
2739	17 
2740	144 
2741	160 
2742	160 
2743	124 
2744	121 
2745	116 
2746	168 
2747	31 
2748	178 
2749	3 
2750	35 
2751	6 
2752	90 
2753	155 
2754	40 
2755	51 
2756	160 
2757	135 
2758	100 
2759	97 
2760	114 
2761	35 
2762	57 
2763	25 
2764	123 
2765	128 
2766	144 
2767	99 
2768	108 
2769	24 
2770	169 
2771	155 
2772	31 
2773	17 
2774	160 
2775	66 
2776	80 
2777	3 
2778	74 
2779	100 
2780	164 
2781	178 
2782	114 
2783	27 
2784	19 
2785	7 
2786	97 
2787	137 
2788	73 
2789	85 
2790	110 
2791	160 
2792	140 
2793	61 
2794	86 
2795	84 
2796	30 
2797	145 
2798	130 
2799	60 
2800	39 
2801	12 
2802	48 
2803	162 
2804	6 
2805	86 
2806	144 
2807	77 
2808	158 
2809	133 
2810	174 
2811	163 
2812	149 
2813	170 
2814	104 
2815	72 
2816	122 
2817	139 
2818	100 
2819	121 
2820	25 
2821	164 
2822	127 
2823	160 
2824	137 
2825	131 
2826	55 
2827	164 
2828	69 
2829	10 
2830	148 
2831	89 
2832	40 
2833	9 
2834	154 
2835	154 
2836	95 
2837	23 
2838	5 
2839	150 
2840	106 
2841	82 
2842	75 
2843	35 
2844	36 
2845	166 
2846	147 
2847	115 
2848	55 
2849	61 
2850	96 
2851	169 
2852	133 
2853	164 
2854	52 
2855	71 
2856	14 
2857	151 
2858	126 
2859	95 
2860	71 
2861	26 
2862	174 
2863	9 
2864	21 
2865	28 
2866	47 
2867	27 
2868	86 
2869	57 
2870	24 
2871	132 
2872	92 
2873	124 
2874	15 
2875	30 
2876	56 
2877	73 
2878	178 
2879	1 
2880	118 
2881	22 
2882	99 
2883	98 
2884	101 
2885	163 
2886	51 
2887	149 
2888	115 
2889	12 
2890	124 
2891	65 
2892	143 
2893	69 
2894	28 
2895	11 
2896	143 
2897	140 
2898	27 
2899	19 
2900	166 
2901	68 
2902	46 
2903	62 
2904	122 
2905	83 
2906	127 
2907	87 
2908	102 
2909	179 
2910	101 
2911	146 
2912	20 
2913	122 
2914	141 
2915	146 
2916	174 
2917	48 
2918	164 
2919	35 
2920	145 
2921	150 
2922	15 
2923	39 
2924	103 
2925	89 
2926	107 
2927	153 
2928	63 
2929	41 
2930	120 
2931	38 
2932	88 
2933	141 
2934	175 
2935	33 
2936	64 
2937	160 
2938	147 
2939	70 
2940	24 
2941	43 
2942	74 
2943	13 
2944	64 
2945	95 
2946	82 
2947	127 
2948	8 
2949	77 
2950	163 
2951	3 
2952	43 
2953	116 
2954	124 
2955	95 
2956	150 
2957	106 
2958	111 
2959	37 
2960	123 
2961	32 
2962	136 
2963	52 
2964	96 
2965	92 
2966	141 
2967	16 
2968	169 
2969	109 
2970	98 
2971	2 
2972	59 
2973	79 
2974	162 
2975	152 
2976	28 
2977	145 
2978	157 
2979	159 
2980	115 
2981	89 
2982	35 
2983	177 
2984	49 
2985	86 
2986	68 
2987	112 
2988	137 
2989	21 
2990	18 
2991	92 
2992	178 
2993	26 
2994	34 
2995	174 
2996	163 
2997	44 
2998	135 
2999	157 
3000	28 
3001	26 
3002	21 
3003	6 
3004	49 
3005	102 
3006	3 
3007	94 
3008	96 
3009	115 
3010	28 
3011	105 
3012	71 
3013	121 
3014	1 
3015	82 
3016	2 
3017	40 
3018	112 
3019	175 
3020	11 
3021	116 
3022	11 
3023	167 
3024	11 
3025	49 
3026	113 
3027	97 
3028	160 
3029	48 
3030	127 
3031	94 
3032	42 
3033	107 
3034	122 
3035	3 
3036	33 
3037	127 
3038	159 
3039	142 
3040	64 
3041	128 
3042	111 
3043	121 
3044	115 
3045	60 
3046	49 
3047	132 
3048	130 
3049	34 
3050	168 
3051	2 
3052	179 
3053	42 
3054	52 
3055	43 
3056	1 
3057	21 
3058	12 
3059	40 
3060	178 
3061	48 
3062	52 
3063	115 
3064	113 
3065	32 
3066	166 
3067	22 
3068	10 
3069	127 
3070	114 
3071	59 
3072	2 
3073	159 
3074	102 
3075	72 
3076	51 
3077	44 
3078	148 
3079	48 
3080	144 
3081	171 
3082	65 
3083	91 
3084	64 
3085	94 
3086	170 
3087	138 
3088	145 
3089	22 
3090	137 
3091	136 
3092	27 
3093	85 
3094	19 
3095	139 
3096	91 
3097	173 
3098	79 
3099	107 
3100	65 
3101	26 
3102	36 
3103	84 
3104	155 
3105	106 
3106	162 
3107	39 
3108	137 
3109	41 
3110	57 
3111	146 
3112	108 
3113	89 
3114	10 
3115	8 
3116	118 
3117	150 
3118	37 
3119	149 
3120	167 
3121	63 
3122	173 
3123	172 
3124	34 
3125	77 
3126	62 
3127	15 
3128	110 
3129	143 
3130	44 
3131	64 
3132	6 
3133	15 
3134	10 
3135	39 
3136	138 
3137	93 
3138	32 
3139	106 
3140	73 
3141	14 
3142	71 
3143	156 
3144	80 
3145	5 
3146	177 
3147	127 
3148	57 
3149	16 
3150	81 
3151	124 
3152	154 
3153	124 
3154	71 
3155	175 
3156	17 
3157	83 
3158	49 
3159	44 
3160	35 
3161	168 
3162	75 
3163	18 
3164	132 
3165	84 
3166	42 
3167	174 
3168	96 
3169	51 
3170	73 
3171	97 
3172	95 
3173	79 
3174	19 
3175	67 
3176	6 
3177	58 
3178	97 
3179	152 
3180	65 
3181	104 
3182	76 
3183	2 
3184	33 
3185	66 
3186	1 
3187	75 
3188	26 
3189	121 
3190	158 
3191	67 
3192	48 
3193	166 
3194	159 
3195	30 
3196	104 
3197	80 
3198	38 
3199	147 
3200	86 
3201	121 
3202	115 
3203	135 
3204	161 
3205	45 
3206	119 
3207	94 
3208	9 
3209	119 
3210	66 
3211	93 
3212	126 
3213	177 
3214	41 
3215	160 
3216	88 
3217	175 
3218	166 
3219	147 
3220	32 
3221	73 
3222	158 
3223	87 
3224	94 
3225	27 
3226	91 
3227	99 
3228	8 
3229	141 
3230	104 
3231	105 
3232	63 
3233	83 
3234	6 
3235	158 
3236	94 
3237	46 
3238	154 
3239	48 
3240	56 
3241	77 
3242	45 
3243	149 
3244	102 
3245	69 
3246	33 
3247	115 
3248	31 
3249	178 
3250	175 
3251	145 
3252	100 
3253	16 
3254	145 
3255	136 
3256	87 
3257	11 
3258	77 
3259	90 
3260	53 
3261	35 
3262	25 
3263	89 
3264	157 
3265	95 
3266	82 
3267	120 
3268	3 
3269	75 
3270	148 
3271	157 
3272	43 
3273	147 
3274	152 
3275	79 
3276	117 
3277	167 
3278	116 
3279	67 
3280	112 
3281	68 
3282	46 
3283	42 
3284	94 
3285	105 
3286	175 
3287	75 
3288	29 
3289	2 
3290	159 
3291	90 
3292	84 
3293	94 
3294	77 
3295	123 
3296	142 
3297	6 
3298	96 
3299	44 
3300	123 
3301	174 
3302	5 
3303	100 
3304	86 
3305	42 
3306	116 
3307	86 
3308	82 
3309	36 
3310	107 
3311	71 
3312	156 
3313	39 
3314	31 
3315	78 
3316	116 
3317	156 
3318	82 
3319	93 
3320	176 
3321	88 
3322	2 
3323	40 
3324	169 
3325	172 
3326	145 
3327	28 
3328	137 
3329	19 
3330	139 
3331	32 
3332	69 
3333	157 
3334	74 
3335	75 
3336	126 
3337	99 
3338	123 
3339	165 
3340	158 
3341	160 
3342	158 
3343	5 
3344	27 
3345	69 
3346	85 
3347	112 
3348	112 
3349	111 
3350	138 
3351	96 
3352	158 
3353	79 
3354	161 
3355	1 
3356	145 
3357	6 
3358	17 
3359	45 
3360	170 
3361	114 
3362	65 
3363	115 
3364	170 
3365	123 
3366	34 
3367	154 
3368	137 
3369	7 
3370	172 
3371	146 
3372	36 
3373	64 
3374	87 
3375	155 
3376	170 
3377	37 
3378	104 
3379	158 
3380	110 
3381	179 
3382	35 
3383	34 
3384	142 
3385	48 
3386	54 
3387	46 
3388	115 
3389	148 
3390	67 
3391	40 
3392	12 
3393	59 
3394	82 
3395	57 
3396	133 
3397	148 
3398	65 
3399	150 
3400	48 
3401	63 
3402	32 
3403	51 
3404	17 
3405	107 
3406	169 
3407	12 
3408	66 
3409	57 
3410	69 
3411	57 
3412	28 
3413	114 
3414	115 
3415	27 
3416	138 
3417	77 
3418	127 
3419	103 
3420	48 
3421	178 
3422	86 
3423	101 
3424	158 
3425	148 
3426	148 
3427	143 
3428	167 
3429	119 
3430	158 
3431	107 
3432	3 
3433	41 
3434	58 
3435	120 
3436	154 
3437	33 
3438	142 
3439	101 
3440	66 
3441	138 
3442	16 
3443	71 
3444	167 
3445	47 
3446	19 
3447	45 
3448	59 
3449	28 
3450	68 
3451	23 
3452	20 
3453	106 
3454	53 
3455	173 
3456	93 
3457	72 
3458	39 
3459	162 
3460	152 
3461	31 
3462	27 
3463	177 
3464	144 
3465	104 
3466	115 
3467	3 
3468	43 
3469	105 
3470	54 
3471	157 
3472	37 
3473	16 
3474	75 
3475	38 
3476	13 
3477	58 
3478	153 
3479	130 
3480	11 
3481	51 
3482	128 
3483	69 
3484	115 
3485	174 
3486	89 
3487	160 
3488	165 
3489	103 
3490	74 
3491	88 
3492	101 
3493	50 
3494	56 
3495	146 
3496	115 
3497	52 
3498	51 
3499	125 
3500	117 
3501	96 
3502	173 
3503	11 
3504	156 
3505	49 
3506	144 
3507	33 
3508	73 
3509	64 
3510	96 
3511	99 
3512	175 
3513	17 
3514	164 
3515	82 
3516	41 
3517	19 
3518	162 
3519	72 
3520	153 
3521	156 
3522	174 
3523	90 
3524	154 
3525	32 
3526	86 
3527	100 
3528	88 
3529	52 
3530	130 
3531	22 
3532	51 
3533	51 
3534	79 
3535	51 
3536	121 
3537	165 
3538	23 
3539	18 
3540	91 
3541	11 
3542	145 
3543	40 
3544	72 
3545	27 
3546	174 
3547	64 
3548	60 
3549	58 
3550	53 
3551	65 
3552	63 
3553	60 
3554	107 
3555	96 
3556	21 
3557	75 
3558	16 
3559	11 
3560	123 
3561	110 
3562	164 
3563	151 
3564	32 
3565	4 
3566	27 
3567	51 
3568	50 
3569	145 
3570	163 
3571	62 
3572	36 
3573	67 
3574	93 
3575	127 
3576	124 
3577	130 
3578	79 
3579	80 
3580	57 
3581	80 
3582	170 
3583	21 
3584	11 
3585	34 
3586	158 
3587	80 
3588	106 
3589	135 
3590	161 
3591	20 
3592	141 
3593	35 
3594	113 
3595	92 
3596	171 
3597	49 
3598	159 
3599	172 
3600	56 
3601	155 
3602	69 
3603	17 
3604	87 
3605	98 
3606	101 
3607	121 
3608	133 
3609	14 
3610	44 
3611	124 
3612	76 
3613	142 
3614	155 
3615	94 
3616	80 
3617	51 
3618	38 
3619	99 
3620	100 
3621	49 
3622	156 
3623	136 
3624	64 
3625	155 
3626	178 
3627	123 
3628	158 
3629	127 
3630	92 
3631	54 
3632	39 
3633	145 
3634	37 
3635	161 
3636	102 
3637	49 
3638	157 
3639	115 
3640	59 
3641	66 
3642	178 
3643	51 
3644	178 
3645	14 
3646	134 
3647	79 
3648	140 
3649	15 
3650	159 
3651	143 
3652	103 
3653	19 
3654	73 
3655	121 
3656	165 
3657	87 
3658	1 
3659	8 
3660	170 
3661	84 
3662	45 
3663	52 
3664	134 
3665	177 
3666	105 
3667	105 
3668	7 
3669	51 
3670	79 
3671	64 
3672	96 
3673	148 
3674	146 
3675	57 
3676	20 
3677	16 
3678	143 
3679	69 
3680	65 
3681	8 
3682	93 
3683	164 
3684	30 
3685	29 
3686	95 
3687	131 
3688	60 
3689	176 
3690	90 
3691	22 
3692	63 
3693	7 
3694	50 
3695	49 
3696	33 
3697	116 
3698	71 
3699	106 
3700	66 
3701	49 
3702	32 
3703	2 
3704	137 
3705	162 
3706	171 
3707	103 
3708	55 
3709	156 
3710	5 
3711	176 
3712	167 
3713	88 
3714	62 
3715	105 
3716	151 
3717	179 
3718	74 
3719	87 
3720	121 
3721	75 
3722	24 
3723	111 
3724	58 
3725	130 
3726	74 
3727	139 
3728	94 
3729	65 
3730	171 
3731	138 
3732	20 
3733	124 
3734	131 
3735	6 
3736	43 
3737	12 
3738	108 
3739	109 
3740	123 
3741	158 
3742	77 
3743	116 
3744	95 
3745	172 
3746	160 
3747	129 
3748	25 
3749	57 
3750	35 
3751	115 
3752	176 
3753	173 
3754	102 
3755	150 
3756	60 
3757	149 
3758	51 
3759	62 
3760	63 
3761	92 
3762	83 
3763	176 
3764	47 
3765	87 
3766	110 
3767	79 
3768	95 
3769	136 
3770	19 
3771	65 
3772	34 
3773	159 
3774	96 
3775	159 
3776	135 
3777	157 
3778	53 
3779	69 
3780	7 
3781	160 
3782	99 
3783	115 
3784	46 
3785	109 
3786	121 
3787	134 
3788	62 
3789	164 
3790	14 
3791	102 
3792	103 
3793	36 
3794	95 
3795	139 
3796	27 
3797	170 
3798	99 
3799	79 
3800	146 
3801	45 
3802	15 
3803	49 
3804	167 
3805	78 
3806	132 
3807	105 
3808	10 
3809	10 
3810	24 
3811	96 
3812	124 
3813	107 
3814	1 
3815	87 
3816	97 
3817	160 
3818	73 
3819	9 
3820	157 
3821	16 
3822	99 
3823	128 
3824	139 
3825	14 
3826	54 
3827	165 
3828	166 
3829	89 
3830	100 
3831	120 
3832	51 
3833	70 
3834	168 
3835	62 
3836	27 
3837	124 
3838	121 
3839	145 
3840	35 
3841	160 
3842	96 
3843	5 
3844	146 
3845	169 
3846	134 
3847	29 
3848	123 
3849	94 
3850	55 
3851	167 
3852	139 
3853	146 
3854	31 
3855	119 
3856	49 
3857	100 
3858	34 
3859	20 
3860	15 
3861	39 
3862	123 
3863	88 
3864	128 
3865	39 
3866	174 
3867	173 
3868	54 
3869	35 
3870	29 
3871	71 
3872	9 
3873	124 
3874	121 
3875	16 
3876	104 
3877	113 
3878	125 
3879	37 
3880	108 
3881	109 
3882	51 
3883	159 
3884	152 
3885	24 
3886	92 
3887	173 
3888	133 
3889	172 
3890	124 
3891	89 
3892	90 
3893	101 
3894	31 
3895	162 
3896	11 
3897	103 
3898	93 
3899	21 
3900	104 
3901	89 
3902	94 
3903	116 
3904	74 
3905	31 
3906	75 
3907	10 
3908	120 
3909	22 
3910	40 
3911	19 
3912	133 
3913	89 
3914	125 
3915	152 
3916	29 
3917	100 
3918	137 
3919	41 
3920	158 
3921	99 
3922	85 
3923	10 
3924	31 
3925	35 
3926	22 
3927	69 
3928	103 
3929	177 
3930	3 
3931	126 
3932	22 
3933	23 
3934	95 
3935	172 
3936	127 
3937	118 
3938	24 
3939	8 
3940	66 
3941	148 
3942	145 
3943	10 
3944	124 
3945	143 
3946	130 
3947	100 
3948	16 
3949	30 
3950	166 
3951	28 
3952	99 
3953	168 
3954	176 
3955	54 
3956	56 
3957	25 
3958	55 
3959	31 
3960	3 
3961	149 
3962	154 
3963	55 
3964	63 
3965	152 
3966	157 
3967	153 
3968	4 
3969	131 
3970	24 
3971	151 
3972	138 
3973	81 
3974	107 
3975	57 
3976	146 
3977	114 
3978	124 
3979	29 
3980	118 
3981	94 
3982	147 
3983	97 
3984	177 
3985	143 
3986	90 
3987	14 
3988	152 
3989	29 
3990	100 
3991	101 
3992	42 
3993	13 
3994	2 
3995	119 
3996	116 
3997	161 
3998	177 
3999	52 
4000	76 
4001	71 
4002	88 
4003	8 
4004	174 
4005	98 
4006	13 
4007	35 
4008	62 
4009	126 
4010	50 
4011	169 
4012	77 
4013	164 
4014	37 
4015	1 
4016	48 
4017	73 
4018	78 
4019	5 
4020	38 
4021	92 
4022	9 
4023	130 
4024	21 
4025	70 
4026	10 
4027	24 
4028	26 
4029	100 
4030	45 
4031	76 
4032	9 
4033	123 
4034	148 
4035	36 
4036	86 
4037	53 
4038	171 
4039	108 
4040	18 
4041	100 
4042	32 
4043	29 
4044	39 
4045	146 
4046	94 
4047	136 
4048	8 
4049	141 
4050	127 
4051	114 
4052	135 
4053	162 
4054	12 
4055	12 
4056	145 
4057	152 
4058	99 
4059	129 
4060	93 
4061	132 
4062	50 
4063	79 
4064	62 
4065	89 
4066	74 
4067	21 
4068	25 
4069	171 
4070	56 
4071	166 
4072	53 
4073	12 
4074	65 
4075	52 
4076	137 
4077	70 
4078	73 
4079	64 
4080	51 
4081	133 
4082	141 
4083	26 
4084	29 
4085	140 
4086	123 
4087	49 
4088	122 
4089	47 
4090	175 
4091	48 
4092	157 
4093	121 
4094	39 
4095	29 
4096	133 
4097	119 
4098	39 
4099	23 
4100	36 
4101	86 
4102	32 
4103	99 
4104	72 
4105	129 
4106	74 
4107	138 
4108	18 
4109	156 
4110	131 
4111	38 
4112	155 
4113	13 
4114	45 
4115	152 
4116	47 
4117	108 
4118	129 
4119	71 
4120	126 
4121	100 
4122	17 
4123	2 
4124	108 
4125	154 
4126	161 
4127	141 
4128	152 
4129	54 
4130	140 
4131	177 
4132	74 
4133	153 
4134	20 
4135	125 
4136	61 
4137	146 
4138	174 
4139	171 
4140	48 
4141	138 
4142	121 
4143	88 
4144	151 
4145	116 
4146	85 
4147	75 
4148	76 
4149	62 
4150	173 
4151	79 
4152	62 
4153	131 
4154	146 
4155	88 
4156	106 
4157	174 
4158	115 
4159	14 
4160	70 
4161	88 
4162	140 
4163	88 
4164	147 
4165	41 
4166	127 
4167	11 
4168	56 
4169	156 
4170	73 
4171	66 
4172	156 
4173	113 
4174	68 
4175	12 
4176	118 
4177	77 
4178	7 
4179	12 
4180	8 
4181	120 
4182	144 
4183	110 
4184	115 
4185	166 
4186	179 
4187	14 
4188	164 
4189	38 
4190	3 
4191	139 
4192	111 
4193	151 
4194	133 
4195	157 
4196	16 
4197	127 
4198	48 
4199	94 
4200	160 
4201	157 
4202	154 
4203	175 
4204	40 
4205	133 
4206	121 
4207	59 
4208	72 
4209	80 
4210	15 
4211	42 
4212	123 
4213	42 
4214	8 
4215	82 
4216	175 
4217	148 
4218	20 
4219	65 
4220	78 
4221	69 
4222	66 
4223	26 
4224	95 
4225	70 
4226	114 
4227	115 
4228	31 
4229	156 
4230	39 
4231	168 
4232	154 
4233	75 
4234	51 
4235	122 
4236	15 
4237	55 
4238	70 
4239	52 
4240	139 
4241	174 
4242	83 
4243	148 
4244	57 
4245	93 
4246	69 
4247	34 
4248	127 
4249	104 
4250	128 
4251	58 
4252	147 
4253	35 
4254	142 
4255	19 
4256	26 
4257	66 
4258	171 
4259	169 
4260	174 
4261	74 
4262	132 
4263	71 
4264	99 
4265	36 
4266	123 
4267	168 
4268	151 
4269	71 
4270	115 
4271	15 
4272	80 
4273	2 
4274	8 
4275	38 
4276	53 
4277	95 
4278	4 
4279	126 
4280	49 
4281	98 
4282	113 
4283	102 
4284	155 
4285	7 
4286	107 
4287	52 
4288	121 
4289	141 
4290	136 
4291	80 
4292	76 
4293	178 
4294	5 
4295	22 
4296	24 
4297	120 
4298	46 
4299	65 
4300	9 
4301	13 
4302	34 
4303	67 
4304	152 
4305	145 
4306	118 
4307	94 
4308	109 
4309	164 
4310	32 
4311	135 
4312	99 
4313	123 
4314	88 
4315	12 
4316	94 
4317	25 
4318	39 
4319	150 
4320	69 
4321	33 
4322	171 
4323	154 
4324	34 
4325	75 
4326	39 
4327	9 
4328	170 
4329	145 
4330	27 
4331	116 
4332	91 
4333	70 
4334	122 
4335	145 
4336	7 
4337	159 
4338	153 
4339	36 
4340	109 
4341	94 
4342	1 
4343	8 
4344	130 
4345	144 
4346	52 
4347	120 
4348	1 
4349	75 
4350	71 
4351	152 
4352	24 
4353	51 
4354	66 
4355	1 
4356	55 
4357	17 
4358	103 
4359	144 
4360	80 
4361	155 
4362	68 
4363	164 
4364	156 
4365	36 
4366	52 
4367	29 
4368	41 
4369	67 
4370	72 
4371	23 
4372	80 
4373	97 
4374	114 
4375	169 
4376	132 
4377	135 
4378	34 
4379	169 
4380	159 
4381	150 
4382	138 
4383	77 
4384	115 
4385	70 
4386	12 
4387	128 
4388	150 
4389	112 
4390	95 
4391	56 
4392	172 
4393	135 
4394	74 
4395	58 
4396	75 
4397	5 
4398	14 
4399	52 
4400	39 
4401	26 
4402	119 
4403	66 
4404	166 
4405	25 
4406	157 
4407	164 
4408	41 
4409	98 
4410	134 
4411	169 
4412	74 
4413	1 
4414	159 
4415	34 
4416	20 
4417	88 
4418	3 
4419	45 
4420	136 
4421	163 
4422	127 
4423	164 
4424	54 
4425	159 
4426	39 
4427	118 
4428	171 
4429	46 
4430	65 
4431	76 
4432	28 
4433	127 
4434	173 
4435	160 
4436	123 
4437	21 
4438	42 
4439	140 
4440	115 
4441	32 
4442	45 
4443	65 
4444	154 
4445	26 
4446	31 
4447	89 
4448	104 
4449	92 
4450	17 
4451	12 
4452	46 
4453	178 
4454	31 
4455	104 
4456	54 
4457	77 
4458	107 
4459	158 
4460	6 
4461	16 
4462	104 
4463	19 
4464	53 
4465	148 
4466	25 
4467	124 
4468	92 
4469	109 
4470	130 
4471	23 
4472	135 
4473	61 
4474	179 
4475	119 
4476	141 
4477	126 
4478	83 
4479	65 
4480	73 
4481	107 
4482	118 
4483	115 
4484	13 
4485	173 
4486	115 
4487	89 
4488	44 
4489	66 
4490	173 
4491	153 
4492	88 
4493	15 
4494	48 
4495	6 
4496	90 
4497	83 
4498	111 
4499	127 
4500	19 
4501	155 
4502	124 
4503	49 
4504	42 
4505	80 
4506	70 
4507	105 
4508	109 
4509	115 
4510	107 
4511	81 
4512	22 
4513	103 
4514	112 
4515	48 
4516	94 
4517	10 
4518	155 
4519	175 
4520	140 
4521	153 
4522	156 
4523	49 
4524	138 
4525	18 
4526	172 
4527	109 
4528	129 
4529	158 
4530	14 
4531	35 
4532	65 
4533	161 
4534	117 
4535	142 
4536	100 
4537	28 
4538	171 
4539	66 
4540	150 
4541	25 
4542	126 
4543	54 
4544	49 
4545	160 
4546	25 
4547	142 
4548	137 
4549	71 
4550	167 
4551	25 
4552	88 
4553	95 
4554	10 
4555	125 
4556	158 
4557	109 
4558	174 
4559	7 
4560	65 
4561	39 
4562	34 
4563	151 
4564	145 
4565	113 
4566	109 
4567	30 
4568	141 
4569	139 
4570	7 
4571	156 
4572	127 
4573	134 
4574	121 
4575	21 
4576	151 
4577	27 
4578	140 
4579	52 
4580	173 
4581	110 
4582	99 
4583	33 
4584	141 
4585	48 
4586	74 
4587	87 
4588	156 
4589	67 
4590	39 
4591	125 
4592	5 
4593	124 
4594	108 
4595	6 
4596	141 
4597	88 
4598	136 
4599	137 
4600	136 
4601	112 
4602	157 
4603	179 
4604	114 
4605	34 
4606	13 
4607	86 
4608	33 
4609	158 
4610	172 
4611	108 
4612	79 
4613	2 
4614	137 
4615	78 
4616	38 
4617	45 
4618	160 
4619	22 
4620	3 
4621	57 
4622	43 
4623	92 
4624	165 
4625	52 
4626	129 
4627	127 
4628	22 
4629	101 
4630	14 
4631	115 
4632	8 
4633	172 
4634	119 
4635	173 
4636	15 
4637	121 
4638	70 
4639	64 
4640	9 
4641	145 
4642	102 
4643	149 
4644	53 
4645	100 
4646	95 
4647	26 
4648	112 
4649	10 
4650	13 
4651	67 
4652	104 
4653	16 
4654	83 
4655	130 
4656	130 
4657	41 
4658	41 
4659	20 
4660	23 
4661	30 
4662	79 
4663	135 
4664	125 
4665	40 
4666	64 
4667	74 
4668	93 
4669	79 
4670	27 
4671	150 
4672	171 
4673	133 
4674	127 
4675	98 
4676	16 
4677	167 
4678	138 
4679	14 
4680	129 
4681	55 
4682	163 
4683	22 
4684	37 
4685	174 
4686	50 
4687	157 
4688	24 
4689	68 
4690	69 
4691	76 
4692	65 
4693	133 
4694	133 
4695	75 
4696	116 
4697	100 
4698	91 
4699	107 
4700	130 
4701	154 
4702	147 
4703	88 
4704	179 
4705	132 
4706	55 
4707	105 
4708	82 
4709	138 
4710	162 
4711	136 
4712	148 
4713	165 
4714	155 
4715	148 
4716	156 
4717	158 
4718	165 
4719	123 
4720	83 
4721	75 
4722	67 
4723	59 
4724	130 
4725	153 
4726	113 
4727	9 
4728	172 
4729	83 
4730	88 
4731	116 
4732	124 
4733	158 
4734	168 
4735	150 
4736	1 
4737	59 
4738	95 
4739	141 
4740	19 
4741	84 
4742	121 
4743	146 
4744	53 
4745	4 
4746	166 
4747	175 
4748	127 
4749	89 
4750	176 
4751	108 
4752	124 
4753	76 
4754	59 
4755	150 
4756	113 
4757	6 
4758	158 
4759	79 
4760	146 
4761	154 
4762	165 
4763	123 
4764	154 
4765	82 
4766	144 
4767	79 
4768	103 
4769	17 
4770	11 
4771	19 
4772	107 
4773	19 
4774	107 
4775	122 
4776	145 
4777	127 
4778	109 
4779	147 
4780	125 
4781	37 
4782	91 
4783	100 
4784	156 
4785	87 
4786	88 
4787	92 
4788	153 
4789	128 
4790	86 
4791	88 
4792	88 
4793	26 
4794	99 
4795	10 
4796	47 
4797	90 
4798	117 
4799	173 
4800	102 
4801	77 
4802	87 
4803	57 
4804	112 
4805	65 
4806	75 
4807	52 
4808	84 
4809	116 
4810	5 
4811	80 
4812	66 
4813	123 
4814	103 
4815	75 
4816	107 
4817	32 
4818	52 
4819	54 
4820	123 
4821	91 
4822	144 
4823	46 
4824	173 
4825	96 
4826	6 
4827	170 
4828	10 
4829	75 
4830	113 
4831	7 
4832	116 
4833	2 
4834	101 
4835	16 
4836	1 
4837	167 
4838	164 
4839	52 
4840	164 
4841	131 
4842	11 
4843	10 
4844	137 
4845	97 
4846	79 
4847	86 
4848	116 
4849	172 
4850	75 
4851	143 
4852	123 
4853	151 
4854	73 
4855	78 
4856	139 
4857	150 
4858	122 
4859	116 
4860	76 
4861	117 
4862	99 
4863	17 
4864	158 
4865	89 
4866	81 
4867	29 
4868	5 
4869	15 
4870	28 
4871	105 
4872	139 
4873	97 
4874	100 
4875	64 
4876	160 
4877	155 
4878	42 
4879	173 
4880	151 
4881	41 
4882	126 
4883	23 
4884	157 
4885	32 
4886	150 
4887	16 
4888	124 
4889	120 
4890	51 
4891	178 
4892	129 
4893	1 
4894	108 
4895	140 
4896	138 
4897	167 
4898	98 
4899	92 
4900	94 
4901	80 
4902	40 
4903	155 
4904	99 
4905	118 
4906	46 
4907	52 
4908	88 
4909	165 
4910	88 
4911	100 
4912	127 
4913	112 
4914	57 
4915	4 
4916	25 
4917	26 
4918	51 
4919	33 
4920	109 
4921	118 
4922	162 
4923	56 
4924	110 
4925	75 
4926	171 
4927	83 
4928	120 
4929	14 
4930	79 
4931	145 
4932	138 
4933	158 
4934	103 
4935	164 
4936	157 
4937	155 
4938	60 
4939	156 
4940	100 
4941	133 
4942	75 
4943	146 
4944	107 
4945	76 
4946	178 
4947	178 
4948	9 
4949	104 
4950	112 
4951	114 
4952	74 
4953	51 
4954	87 
4955	23 
4956	71 
4957	9 
4958	60 
4959	1 
4960	62 
4961	97 
4962	7 
4963	60 
4964	130 
4965	98 
4966	7 
4967	178 
4968	52 
4969	38 
4970	63 
4971	83 
4972	80 
4973	35 
4974	166 
4975	102 
4976	157 
4977	151 
4978	135 
4979	166 
4980	7 
4981	147 
4982	105 
4983	153 
4984	38 
4985	76 
4986	49 
4987	98 
4988	107 
4989	94 
4990	69 
4991	126 
4992	116 
4993	41 
4994	164 
4995	179 
4996	48 
4997	159 
4998	121 
4999	79 
5000	74 
5001	161 
5002	27 
5003	151 
5004	165 
5005	37 
5006	59 
5007	31 
5008	105 
5009	163 
5010	172 
5011	130 
5012	41 
5013	103 
5014	52 
5015	75 
5016	115 
5017	71 
5018	154 
5019	37 
5020	138 
5021	86 
5022	120 
5023	17 
5024	41 
5025	99 
5026	72 
5027	57 
5028	168 
5029	168 
5030	13 
5031	24 
5032	171 
5033	154 
5034	8 
5035	106 
5036	111 
5037	17 
5038	164 
5039	117 
5040	168 
5041	97 
5042	155 
5043	47 
5044	106 
5045	59 
5046	164 
5047	83 
5048	120 
5049	121 
5050	144 
5051	167 
5052	118 
5053	136 
5054	113 
5055	32 
5056	32 
5057	153 
5058	129 
5059	27 
5060	64 
5061	99 
5062	119 
5063	54 
5064	107 
5065	163 
5066	149 
5067	126 
5068	75 
5069	14 
5070	38 
5071	81 
5072	11 
5073	114 
5074	122 
5075	98 
5076	88 
5077	167 
5078	161 
5079	40 
5080	93 
5081	39 
5082	15 
5083	48 
5084	95 
5085	45 
5086	142 
5087	138 
5088	135 
5089	74 
5090	34 
5091	111 
5092	125 
5093	69 
5094	39 
5095	136 
5096	157 
5097	70 
5098	145 
5099	8 
5100	161 
5101	5 
5102	50 
5103	21 
5104	171 
5105	146 
5106	101 
5107	42 
5108	126 
5109	100 
5110	127 
5111	53 
5112	12 
5113	121 
5114	96 
5115	128 
5116	103 
5117	144 
5118	148 
5119	46 
5120	83 
5121	59 
5122	81 
5123	128 
5124	66 
5125	4 
5126	131 
5127	122 
5128	40 
5129	34 
5130	11 
5131	22 
5132	109 
5133	127 
5134	138 
5135	64 
5136	26 
5137	30 
5138	168 
5139	37 
5140	64 
5141	131 
5142	116 
5143	125 
5144	105 
5145	95 
5146	45 
5147	16 
5148	59 
5149	15 
5150	16 
5151	138 
5152	171 
5153	18 
5154	88 
5155	69 
5156	29 
5157	117 
5158	14 
5159	97 
5160	39 
5161	156 
5162	138 
5163	108 
5164	88 
5165	59 
5166	106 
5167	68 
5168	95 
5169	147 
5170	150 
5171	91 
5172	90 
5173	174 
5174	32 
5175	162 
5176	4 
5177	60 
5178	148 
5179	83 
5180	42 
5181	162 
5182	36 
5183	50 
5184	31 
5185	86 
5186	76 
5187	140 
5188	35 
5189	173 
5190	64 
5191	94 
5192	54 
5193	119 
5194	85 
5195	102 
5196	33 
5197	108 
5198	64 
5199	94 
5200	109 
5201	144 
5202	174 
5203	59 
5204	85 
5205	138 
5206	106 
5207	120 
5208	65 
5209	84 
5210	30 
5211	90 
5212	58 
5213	112 
5214	4 
5215	91 
5216	17 
5217	52 
5218	164 
5219	127 
5220	126 
5221	139 
5222	154 
5223	166 
5224	83 
5225	5 
5226	141 
5227	93 
5228	27 
5229	155 
5230	9 
5231	60 
5232	38 
5233	59 
5234	139 
5235	136 
5236	99 
5237	98 
5238	173 
5239	31 
5240	79 
5241	125 
5242	48 
5243	44 
5244	71 
5245	168 
5246	178 
5247	127 
5248	140 
5249	126 
5250	127 
5251	85 
5252	83 
5253	176 
5254	7 
5255	150 
5256	92 
5257	158 
5258	16 
5259	23 
5260	46 
5261	17 
5262	113 
5263	163 
5264	92 
5265	160 
5266	34 
5267	89 
5268	136 
5269	17 
5270	119 
5271	124 
5272	74 
5273	127 
5274	118 
5275	76 
5276	99 
5277	88 
5278	48 
5279	113 
5280	121 
5281	50 
5282	27 
5283	158 
5284	153 
5285	150 
5286	166 
5287	90 
5288	50 
5289	7 
5290	81 
5291	35 
5292	67 
5293	39 
5294	65 
5295	20 
5296	45 
5297	73 
5298	179 
5299	166 
5300	18 
5301	178 
5302	32 
5303	84 
5304	16 
5305	110 
5306	56 
5307	144 
5308	62 
5309	75 
5310	76 
5311	150 
5312	5 
5313	154 
5314	72 
5315	112 
5316	20 
5317	48 
5318	24 
5319	35 
5320	51 
5321	100 
5322	127 
5323	111 
5324	61 
5325	45 
5326	40 
5327	51 
5328	42 
5329	32 
5330	157 
5331	117 
5332	114 
5333	72 
5334	12 
5335	19 
5336	130 
5337	48 
5338	42 
5339	17 
5340	45 
5341	148 
5342	175 
5343	138 
5344	4 
5345	55 
5346	70 
5347	54 
5348	159 
5349	27 
5350	8 
5351	146 
5352	26 
5353	119 
5354	93 
5355	166 
5356	8 
5357	176 
5358	97 
5359	86 
5360	84 
5361	77 
5362	123 
5363	37 
5364	155 
5365	21 
5366	13 
5367	26 
5368	1 
5369	157 
5370	61 
5371	135 
5372	129 
5373	130 
5374	107 
5375	173 
5376	142 
5377	126 
5378	154 
5379	7 
5380	174 
5381	16 
5382	137 
5383	6 
5384	75 
5385	176 
5386	105 
5387	10 
5388	66 
5389	145 
5390	49 
5391	65 
5392	112 
5393	155 
5394	160 
5395	94 
5396	11 
5397	100 
5398	64 
5399	58 
5400	119 
5401	178 
5402	112 
5403	71 
5404	62 
5405	96 
5406	34 
5407	25 
5408	27 
5409	176 
5410	7 
5411	46 
5412	10 
5413	122 
5414	161 
5415	161 
5416	30 
5417	35 
5418	46 
5419	9 
5420	165 
5421	25 
5422	76 
5423	34 
5424	18 
5425	100 
5426	151 
5427	8 
5428	114 
5429	62 
5430	81 
5431	179 
5432	45 
5433	128 
5434	96 
5435	116 
5436	171 
5437	142 
5438	143 
5439	165 
5440	146 
5441	165 
5442	52 
5443	44 
5444	106 
5445	57 
5446	123 
5447	33 
5448	109 
5449	100 
5450	144 
5451	49 
5452	105 
5453	63 
5454	153 
5455	164 
5456	127 
5457	168 
5458	57 
5459	81 
5460	37 
5461	64 
5462	49 
5463	88 
5464	102 
5465	50 
5466	95 
5467	146 
5468	151 
5469	24 
5470	76 
5471	19 
5472	155 
5473	38 
5474	141 
5475	79 
5476	94 
5477	161 
5478	13 
5479	87 
5480	101 
5481	164 
5482	173 
5483	167 
5484	73 
5485	145 
5486	84 
5487	72 
5488	38 
5489	82 
5490	122 
5491	9 
5492	156 
5493	50 
5494	107 
5495	92 
5496	120 
5497	160 
5498	130 
5499	39 
5500	153 
5501	60 
5502	65 
5503	97 
5504	81 
5505	106 
5506	63 
5507	97 
5508	8 
5509	106 
5510	57 
5511	48 
5512	113 
5513	95 
5514	51 
5515	97 
5516	43 
5517	57 
5518	12 
5519	66 
5520	14 
5521	169 
5522	67 
5523	173 
5524	173 
5525	169 
5526	65 
5527	37 
5528	16 
5529	10 
5530	17 
5531	130 
5532	107 
5533	127 
5534	178 
5535	166 
5536	135 
5537	155 
5538	88 
5539	173 
5540	44 
5541	133 
5542	82 
5543	158 
5544	40 
5545	81 
5546	52 
5547	22 
5548	151 
5549	135 
5550	64 
5551	160 
5552	56 
5553	76 
5554	53 
5555	36 
5556	167 
5557	146 
5558	164 
5559	40 
5560	53 
5561	130 
5562	63 
5563	88 
5564	34 
5565	111 
5566	37 
5567	32 
5568	61 
5569	65 
5570	100 
5571	134 
5572	125 
5573	147 
5574	62 
5575	100 
5576	168 
5577	15 
5578	54 
5579	172 
5580	37 
5581	85 
5582	166 
5583	85 
5584	91 
5585	8 
5586	94 
5587	72 
5588	150 
5589	130 
5590	87 
5591	51 
5592	163 
5593	49 
5594	76 
5595	44 
5596	100 
5597	38 
5598	126 
5599	86 
5600	155 
5601	89 
5602	173 
5603	39 
5604	162 
5605	16 
5606	57 
5607	105 
5608	51 
5609	77 
5610	2 
5611	146 
5612	136 
5613	114 
5614	48 
5615	24 
5616	158 
5617	169 
5618	15 
5619	76 
5620	57 
5621	109 
5622	114 
5623	95 
5624	178 
5625	138 
5626	138 
5627	176 
5628	114 
5629	71 
5630	85 
5631	74 
5632	7 
5633	143 
5634	168 
5635	107 
5636	46 
5637	97 
5638	66 
5639	5 
5640	6 
5641	123 
5642	157 
5643	63 
5644	82 
5645	126 
5646	174 
5647	159 
5648	133 
5649	99 
5650	162 
5651	17 
5652	87 
5653	100 
5654	41 
5655	112 
5656	132 
5657	170 
5658	85 
5659	76 
5660	107 
5661	68 
5662	150 
5663	41 
5664	135 
5665	94 
5666	95 
5667	75 
5668	37 
5669	68 
5670	94 
5671	114 
5672	136 
5673	42 
5674	39 
5675	55 
5676	59 
5677	57 
5678	77 
5679	108 
5680	85 
5681	171 
5682	49 
5683	75 
5684	12 
5685	41 
5686	130 
5687	113 
5688	49 
5689	91 
5690	115 
5691	150 
5692	114 
5693	28 
5694	146 
5695	127 
5696	120 
5697	37 
5698	165 
5699	38 
5700	118 
5701	131 
5702	149 
5703	73 
5704	8 
5705	27 
5706	166 
5707	150 
5708	37 
5709	78 
5710	98 
5711	114 
5712	81 
5713	121 
5714	62 
5715	52 
5716	90 
5717	145 
5718	98 
5719	86 
5720	151 
5721	105 
5722	150 
5723	59 
5724	89 
5725	9 
5726	132 
5727	77 
5728	145 
5729	102 
5730	30 
5731	55 
5732	174 
5733	29 
5734	157 
5735	79 
5736	63 
5737	163 
5738	119 
5739	156 
5740	49 
5741	127 
5742	95 
5743	2 
5744	36 
5745	113 
5746	29 
5747	126 
5748	9 
5749	64 
5750	130 
5751	33 
5752	174 
5753	145 
5754	167 
5755	25 
5756	104 
5757	5 
5758	71 
5759	75 
5760	124 
5761	15 
5762	179 
5763	51 
5764	157 
5765	63 
5766	147 
5767	39 
5768	174 
5769	156 
5770	113 
5771	94 
5772	72 
5773	74 
5774	138 
5775	91 
5776	161 
5777	148 
5778	55 
5779	48 
5780	149 
5781	8 
5782	66 
5783	78 
5784	90 
5785	161 
5786	13 
5787	65 
5788	131 
5789	144 
5790	39 
5791	47 
5792	172 
5793	119 
5794	152 
5795	107 
5796	127 
5797	83 
5798	10 
5799	73 
5800	156 
5801	86 
5802	112 
5803	139 
5804	35 
5805	142 
5806	77 
5807	33 
5808	51 
5809	124 
5810	102 
5811	23 
5812	154 
5813	101 
5814	6 
5815	157 
5816	132 
5817	123 
5818	52 
5819	33 
5820	94 
5821	134 
5822	98 
5823	29 
5824	44 
5825	96 
5826	12 
5827	26 
5828	119 
5829	31 
5830	75 
5831	94 
5832	138 
5833	122 
5834	171 
5835	71 
5836	31 
5837	172 
5838	117 
5839	129 
5840	106 
5841	10 
5842	160 
5843	154 
5844	159 
5845	171 
5846	27 
5847	84 
5848	15 
5849	89 
5850	18 
5851	82 
5852	119 
5853	98 
5854	68 
5855	42 
5856	69 
5857	147 
5858	134 
5859	110 
5860	170 
5861	61 
5862	123 
5863	140 
5864	146 
5865	162 
5866	161 
5867	141 
5868	172 
5869	123 
5870	153 
5871	111 
5872	145 
5873	155 
5874	119 
5875	126 
5876	31 
5877	130 
5878	42 
5879	50 
5880	49 
5881	57 
5882	110 
5883	172 
5884	64 
5885	96 
5886	166 
5887	146 
5888	140 
5889	152 
5890	157 
5891	95 
5892	118 
5893	97 
5894	61 
5895	30 
5896	53 
5897	117 
5898	112 
5899	101 
5900	23 
5901	141 
5902	39 
5903	129 
5904	111 
5905	27 
5906	136 
5907	92 
5908	43 
5909	139 
5910	123 
5911	88 
5912	178 
5913	81 
5914	89 
5915	69 
5916	122 
5917	48 
5918	6 
5919	139 
5920	177 
5921	88 
5922	118 
5923	166 
5924	35 
5925	25 
5926	15 
5927	4 
5928	17 
5929	4 
5930	131 
5931	58 
5932	56 
5933	107 
5934	32 
5935	144 
5936	100 
5937	126 
5938	162 
5939	136 
5940	176 
5941	87 
5942	152 
5943	11 
5944	76 
5945	51 
5946	153 
5947	49 
5948	76 
5949	128 
5950	123 
5951	151 
5952	99 
5953	151 
5954	130 
5955	116 
5956	153 
5957	149 
5958	166 
5959	166 
5960	16 
5961	25 
5962	120 
5963	102 
5964	134 
5965	6 
5966	71 
5967	174 
5968	56 
5969	86 
5970	146 
5971	106 
5972	46 
5973	146 
5974	127 
5975	56 
5976	35 
5977	111 
5978	10 
5979	67 
5980	141 
5981	160 
5982	64 
5983	44 
5984	173 
5985	57 
5986	86 
5987	18 
5988	148 
5989	92 
5990	80 
5991	17 
5992	44 
5993	136 
5994	158 
5995	62 
5996	22 
5997	162 
5998	165 
5999	64 
6000	96 
6001	5 
6002	78 
6003	177 
6004	4 
6005	5 
6006	177 
6007	52 
6008	122 
6009	33 
6010	15 
6011	48 
6012	5 
6013	27 
6014	44 
6015	34 
6016	130 
6017	173 
6018	69 
6019	85 
6020	44 
6021	21 
6022	38 
6023	115 
6024	43 
6025	39 
6026	96 
6027	160 
6028	169 
6029	43 
6030	87 
6031	147 
6032	23 
6033	43 
6034	113 
6035	43 
6036	115 
6037	35 
6038	115 
6039	177 
6040	48 
6041	91 
6042	81 
6043	146 
6044	121 
6045	105 
6046	90 
6047	21 
6048	160 
6049	19 
6050	57 
6051	34 
6052	170 
6053	117 
6054	51 
6055	79 
6056	49 
6057	97 
6058	71 
6059	109 
6060	88 
6061	169 
6062	1 
6063	32 
6064	41 
6065	147 
6066	16 
6067	148 
6068	73 
6069	158 
6070	92 
6071	57 
6072	4 
6073	119 
6074	123 
6075	146 
6076	136 
6077	164 
6078	141 
6079	49 
6080	120 
6081	158 
6082	53 
6083	129 
6084	55 
6085	67 
6086	87 
6087	16 
6088	30 
6089	102 
6090	133 
6091	162 
6092	160 
6093	156 
6094	7 
6095	147 
6096	88 
6097	37 
6098	64 
6099	51 
6100	48 
6101	130 
6102	51 
6103	174 
6104	120 
6105	23 
6106	48 
6107	106 
6108	46 
6109	167 
6110	61 
6111	92 
6112	172 
6113	104 
6114	50 
6115	119 
6116	125 
6117	60 
6118	122 
6119	80 
6120	86 
6121	137 
6122	66 
6123	19 
6124	10 
6125	39 
6126	10 
6127	57 
6128	91 
6129	90 
6130	85 
6131	148 
6132	45 
6133	156 
6134	42 
6135	160 
6136	102 
6137	154 
6138	89 
6139	141 
6140	84 
6141	120 
6142	107 
6143	55 
6144	93 
6145	63 
6146	95 
6147	123 
6148	11 
6149	100 
6150	134 
6151	48 
6152	172 
6153	109 
6154	105 
6155	174 
6156	136 
6157	161 
6158	78 
6159	65 
6160	115 
6161	128 
6162	154 
6163	163 
6164	44 
6165	19 
6166	147 
6167	42 
6168	42 
6169	167 
6170	149 
6171	107 
6172	147 
6173	159 
6174	159 
6175	44 
6176	128 
6177	31 
6178	144 
6179	129 
6180	159 
6181	54 
6182	65 
6183	148 
6184	165 
6185	106 
6186	20 
6187	76 
6188	154 
6189	24 
6190	127 
6191	128 
6192	96 
6193	39 
6194	80 
6195	120 
6196	135 
6197	44 
6198	163 
6199	154 
6200	80 
6201	69 
6202	93 
6203	139 
6204	57 
6205	173 
6206	111 
6207	58 
6208	16 
6209	21 
6210	112 
6211	28 
6212	60 
6213	32 
6214	64 
6215	59 
6216	30 
6217	32 
6218	92 
6219	32 
6220	151 
6221	27 
6222	19 
6223	4 
6224	135 
6225	47 
6226	173 
6227	28 
6228	107 
6229	158 
6230	30 
6231	158 
6232	16 
6233	122 
6234	43 
6235	52 
6236	132 
6237	169 
6238	54 
6239	128 
6240	145 
6241	12 
6242	126 
6243	152 
6244	2 
6245	169 
6246	63 
6247	161 
6248	163 
6249	67 
6250	153 
6251	26 
6252	48 
6253	97 
6254	155 
6255	71 
6256	15 
6257	145 
6258	172 
6259	12 
6260	137 
6261	160 
6262	47 
6263	101 
6264	49 
6265	164 
6266	136 
6267	32 
6268	125 
6269	38 
6270	141 
6271	141 
6272	157 
6273	81 
6274	117 
6275	155 
6276	92 
6277	97 
6278	160 
6279	84 
6280	157 
6281	18 
6282	74 
6283	56 
6284	139 
6285	177 
6286	105 
6287	143 
6288	167 
6289	108 
6290	33 
6291	89 
6292	150 
6293	27 
6294	142 
6295	22 
6296	140 
6297	152 
6298	57 
6299	30 
6300	63 
6301	110 
6302	86 
6303	57 
6304	176 
6305	152 
6306	173 
6307	76 
6308	43 
6309	140 
6310	10 
6311	55 
6312	82 
6313	138 
6314	84 
6315	136 
6316	158 
6317	164 
6318	115 
6319	127 
6320	29 
6321	152 
6322	173 
6323	32 
6324	94 
6325	49 
6326	150 
6327	37 
6328	132 
6329	103 
6330	140 
6331	55 
6332	64 
6333	98 
6334	12 
6335	69 
6336	36 
6337	86 
6338	12 
6339	68 
6340	29 
6341	67 
6342	138 
6343	177 
6344	115 
6345	119 
6346	57 
6347	4 
6348	104 
6349	39 
6350	163 
6351	92 
6352	37 
6353	143 
6354	45 
6355	100 
6356	64 
6357	147 
6358	29 
6359	49 
6360	168 
6361	6 
6362	6 
6363	42 
6364	8 
6365	47 
6366	8 
6367	127 
6368	88 
6369	138 
6370	32 
6371	99 
6372	21 
6373	18 
6374	56 
6375	88 
6376	72 
6377	23 
6378	165 
6379	118 
6380	155 
6381	38 
6382	152 
6383	26 
6384	135 
6385	148 
6386	179 
6387	55 
6388	7 
6389	80 
6390	148 
6391	82 
6392	27 
6393	96 
6394	122 
6395	38 
6396	68 
6397	159 
6398	142 
6399	3 
6400	56 
6401	26 
6402	124 
6403	6 
6404	142 
6405	85 
6406	177 
6407	33 
6408	89 
6409	94 
6410	154 
6411	35 
6412	48 
6413	86 
6414	157 
6415	79 
6416	144 
6417	100 
6418	53 
6419	146 
6420	121 
6421	40 
6422	129 
6423	50 
6424	176 
6425	87 
6426	133 
6427	174 
6428	153 
6429	169 
6430	153 
6431	142 
6432	149 
6433	62 
6434	179 
6435	50 
6436	66 
6437	104 
6438	30 
6439	130 
6440	123 
6441	103 
6442	127 
6443	158 
6444	154 
6445	32 
6446	73 
6447	33 
6448	76 
6449	158 
6450	128 
6451	94 
6452	157 
6453	108 
6454	19 
6455	140 
6456	24 
6457	23 
6458	130 
6459	72 
6460	45 
6461	161 
6462	19 
6463	16 
6464	170 
6465	173 
6466	93 
6467	158 
6468	136 
6469	146 
6470	9 
6471	63 
6472	10 
6473	123 
6474	40 
6475	66 
6476	40 
6477	101 
6478	26 
6479	8 
6480	114 
6481	176 
6482	157 
6483	111 
6484	105 
6485	156 
6486	27 
6487	19 
6488	121 
6489	157 
6490	33 
6491	85 
6492	135 
6493	150 
6494	4 
6495	85 
6496	36 
6497	147 
6498	155 
6499	62 
6500	41 
6501	148 
6502	78 
6503	88 
6504	159 
6505	136 
6506	126 
6507	51 
6508	40 
6509	16 
6510	136 
6511	8 
6512	126 
6513	55 
6514	104 
6515	88 
6516	46 
6517	140 
6518	148 
6519	161 
6520	7 
6521	35 
6522	145 
6523	157 
6524	12 
6525	79 
6526	147 
6527	92 
6528	16 
6529	117 
6530	48 
6531	50 
6532	39 
6533	95 
6534	160 
6535	43 
6536	174 
6537	156 
6538	95 
6539	37 
6540	75 
6541	43 
6542	41 
6543	40 
6544	10 
6545	40 
6546	40 
6547	26 
6548	54 
6549	8 
6550	92 
6551	109 
6552	75 
6553	170 
6554	7 
6555	52 
6556	116 
6557	30 
6558	80 
6559	30 
6560	145 
6561	11 
6562	15 
6563	103 
6564	94 
6565	139 
6566	151 
6567	108 
6568	75 
6569	69 
6570	106 
6571	178 
6572	4 
6573	154 
6574	142 
6575	152 
6576	21 
6577	39 
6578	102 
6579	32 
6580	122 
6581	142 
6582	21 
6583	97 
6584	84 
6585	141 
6586	80 
6587	88 
6588	6 
6589	95 
6590	108 
6591	122 
6592	78 
6593	72 
6594	49 
6595	150 
6596	115 
6597	161 
6598	133 
6599	88 
6600	27 
6601	71 
6602	110 
6603	56 
6604	64 
6605	28 
6606	48 
6607	50 
6608	80 
6609	177 
6610	119 
6611	74 
6612	94 
6613	49 
6614	110 
6615	102 
6616	82 
6617	17 
6618	14 
6619	70 
6620	146 
6621	76 
6622	147 
6623	88 
6624	94 
6625	118 
6626	34 
6627	170 
6628	95 
6629	95 
6630	103 
6631	86 
6632	78 
6633	25 
6634	93 
6635	141 
6636	143 
6637	146 
6638	178 
6639	76 
6640	63 
6641	2 
6642	20 
6643	55 
6644	46 
6645	171 
6646	175 
6647	51 
6648	130 
6649	80 
6650	166 
6651	73 
6652	69 
6653	45 
6654	34 
6655	10 
6656	161 
6657	13 
6658	138 
6659	20 
6660	152 
6661	76 
6662	66 
6663	83 
6664	100 
6665	48 
6666	26 
6667	22 
6668	106 
6669	78 
6670	53 
6671	142 
6672	19 
6673	47 
6674	171 
6675	78 
6676	71 
6677	2 
6678	163 
6679	9 
6680	164 
6681	52 
6682	69 
6683	2 
6684	140 
6685	56 
6686	120 
6687	19 
6688	132 
6689	109 
6690	9 
6691	31 
6692	19 
6693	69 
6694	111 
6695	91 
6696	63 
6697	8 
6698	114 
6699	51 
6700	177 
6701	134 
6702	53 
6703	158 
6704	9 
6705	59 
6706	115 
6707	161 
6708	147 
6709	156 
6710	85 
6711	121 
6712	13 
6713	50 
6714	37 
6715	152 
6716	162 
6717	44 
6718	116 
6719	83 
6720	50 
6721	65 
6722	18 
6723	32 
6724	66 
6725	27 
6726	34 
6727	161 
6728	138 
6729	25 
6730	95 
6731	111 
6732	120 
6733	1 
6734	45 
6735	32 
6736	140 
6737	156 
6738	25 
6739	71 
6740	95 
6741	139 
6742	121 
6743	26 
6744	90 
6745	39 
6746	158 
6747	46 
6748	16 
6749	140 
6750	120 
6751	28 
6752	37 
6753	121 
6754	178 
6755	79 
6756	117 
6757	141 
6758	90 
6759	37 
6760	88 
6761	148 
6762	130 
6763	48 
6764	22 
6765	47 
6766	39 
6767	24 
6768	88 
6769	45 
6770	120 
6771	27 
6772	177 
6773	142 
6774	28 
6775	151 
6776	72 
6777	121 
6778	78 
6779	97 
6780	121 
6781	160 
6782	112 
6783	160 
6784	94 
6785	65 
6786	83 
6787	17 
6788	175 
6789	174 
6790	140 
6791	16 
6792	2 
6793	163 
6794	18 
6795	102 
6796	11 
6797	164 
6798	19 
6799	144 
6800	3 
6801	152 
6802	66 
6803	83 
6804	58 
6805	114 
6806	174 
6807	128 
6808	149 
6809	20 
6810	63 
6811	49 
6812	50 
6813	74 
6814	102 
6815	44 
6816	112 
6817	65 
6818	25 
6819	175 
6820	22 
6821	16 
6822	101 
6823	173 
6824	75 
6825	123 
6826	88 
6827	19 
6828	137 
6829	31 
6830	78 
6831	148 
6832	25 
6833	66 
6834	63 
6835	158 
6836	114 
6837	162 
6838	34 
6839	170 
6840	121 
6841	13 
6842	4 
6843	50 
6844	96 
6845	22 
6846	99 
6847	145 
6848	53 
6849	24 
6850	101 
6851	8 
6852	84 
6853	167 
6854	156 
6855	53 
6856	64 
6857	153 
6858	14 
6859	62 
6860	99 
6861	77 
6862	11 
6863	9 
6864	46 
6865	30 
6866	126 
6867	138 
6868	15 
6869	113 
6870	27 
6871	37 
6872	21 
6873	121 
6874	93 
6875	86 
6876	40 
6877	148 
6878	16 
6879	4 
6880	12 
6881	125 
6882	28 
6883	130 
6884	87 
6885	64 
6886	126 
6887	10 
6888	5 
6889	16 
6890	116 
6891	23 
6892	136 
6893	163 
6894	21 
6895	89 
6896	119 
6897	58 
6898	85 
6899	83 
6900	46 
6901	121 
6902	16 
6903	98 
6904	94 
6905	3 
6906	156 
6907	179 
6908	6 
6909	10 
6910	56 
6911	63 
6912	63 
6913	35 
6914	112 
6915	97 
6916	123 
6917	148 
6918	127 
6919	10 
6920	73 
6921	151 
6922	132 
6923	48 
6924	5 
6925	112 
6926	156 
6927	157 
6928	97 
6929	64 
6930	8 
6931	60 
6932	8 
6933	154 
6934	84 
6935	148 
6936	37 
6937	35 
6938	105 
6939	138 
6940	18 
6941	46 
6942	137 
6943	66 
6944	99 
6945	169 
6946	26 
6947	67 
6948	39 
6949	25 
6950	104 
6951	49 
6952	43 
6953	95 
6954	44 
6955	105 
6956	100 
6957	77 
6958	62 
6959	86 
6960	100 
6961	46 
6962	111 
6963	58 
6964	25 
6965	122 
6966	74 
6967	113 
6968	131 
6969	118 
6970	48 
6971	173 
6972	41 
6973	141 
6974	121 
6975	81 
6976	116 
6977	179 
6978	57 
6979	105 
6980	171 
6981	25 
6982	26 
6983	11 
6984	78 
6985	31 
6986	92 
6987	44 
6988	174 
6989	19 
6990	174 
6991	162 
6992	115 
6993	169 
6994	100 
6995	115 
6996	141 
6997	71 
6998	5 
6999	166 
7000	15 
7001	127 
7002	139 
7003	174 
7004	112 
7005	53 
7006	176 
7007	135 
7008	9 
7009	160 
7010	64 
7011	168 
7012	108 
7013	33 
7014	1 
7015	56 
7016	83 
7017	115 
7018	57 
7019	55 
7020	11 
7021	89 
7022	84 
7023	64 
7024	175 
7025	121 
7026	27 
7027	110 
7028	89 
7029	3 
7030	118 
7031	179 
7032	112 
7033	158 
7034	130 
7035	75 
7036	99 
7037	14 
7038	170 
7039	100 
7040	63 
7041	56 
7042	114 
7043	92 
7044	16 
7045	89 
7046	102 
7047	53 
7048	39 
7049	71 
7050	30 
7051	39 
7052	130 
7053	22 
7054	64 
7055	34 
7056	105 
7057	21 
7058	57 
7059	67 
7060	138 
7061	20 
7062	158 
7063	99 
7064	87 
7065	75 
7066	75 
7067	49 
7068	126 
7069	33 
7070	30 
7071	121 
7072	112 
7073	35 
7074	127 
7075	160 
7076	57 
7077	118 
7078	57 
7079	145 
7080	172 
7081	149 
7082	65 
7083	130 
7084	122 
7085	100 
7086	6 
7087	60 
7088	176 
7089	169 
7090	138 
7091	156 
7092	49 
7093	127 
7094	16 
7095	177 
7096	63 
7097	86 
7098	97 
7099	136 
7100	6 
7101	121 
7102	130 
7103	105 
7104	105 
7105	29 
7106	11 
7107	41 
7108	15 
7109	49 
7110	64 
7111	103 
7112	46 
7113	13 
7114	150 
7115	161 
7116	133 
7117	146 
7118	164 
7119	143 
7120	11 
7121	140 
7122	122 
7123	100 
7124	108 
7125	130 
7126	179 
7127	4 
7128	138 
7129	10 
7130	52 
7131	78 
7132	24 
7133	94 
7134	36 
7135	47 
7136	154 
7137	10 
7138	84 
7139	23 
7140	119 
7141	129 
7142	166 
7143	171 
7144	1 
7145	84 
7146	144 
7147	127 
7148	154 
7149	174 
7150	61 
7151	40 
7152	99 
7153	153 
7154	105 
7155	158 
7156	99 
7157	78 
7158	105 
7159	154 
7160	76 
7161	32 
7162	147 
7163	47 
7164	176 
7165	46 
7166	72 
7167	96 
7168	123 
7169	139 
7170	26 
7171	48 
7172	96 
7173	6 
7174	61 
7175	57 
7176	112 
7177	162 
7178	132 
7179	50 
7180	157 
7181	65 
7182	25 
7183	85 
7184	86 
7185	51 
7186	105 
7187	101 
7188	117 
7189	103 
7190	127 
7191	94 
7192	120 
7193	154 
7194	92 
7195	135 
7196	119 
7197	85 
7198	38 
7199	53 
7200	89 
7201	133 
7202	75 
7203	48 
7204	158 
7205	135 
7206	162 
7207	73 
7208	54 
7209	175 
7210	165 
7211	121 
7212	27 
7213	55 
7214	103 
7215	31 
7216	154 
7217	135 
7218	121 
7219	133 
7220	146 
7221	140 
7222	28 
7223	142 
7224	43 
7225	52 
7226	31 
7227	32 
7228	95 
7229	20 
7230	22 
7231	45 
7232	16 
7233	82 
7234	119 
7235	125 
7236	111 
7237	5 
7238	20 
7239	58 
7240	12 
7241	147 
7242	114 
7243	105 
7244	36 
7245	120 
7246	55 
7247	39 
7248	1 
7249	101 
7250	106 
7251	13 
7252	70 
7253	3 
7254	178 
7255	164 
7256	31 
7257	48 
7258	146 
7259	165 
7260	179 
7261	78 
7262	39 
7263	68 
7264	58 
7265	159 
7266	24 
7267	76 
7268	14 
7269	8 
7270	151 
7271	75 
7272	66 
7273	124 
7274	27 
7275	86 
7276	65 
7277	92 
7278	56 
7279	174 
7280	120 
7281	63 
7282	46 
7283	1 
7284	45 
7285	60 
7286	173 
7287	98 
7288	116 
7289	115 
7290	57 
7291	23 
7292	142 
7293	95 
7294	49 
7295	10 
7296	70 
7297	60 
7298	101 
7299	8 
7300	61 
7301	141 
7302	46 
7303	32 
7304	79 
7305	18 
7306	148 
7307	45 
7308	100 
7309	71 
7310	19 
7311	94 
7312	161 
7313	163 
7314	42 
7315	50 
7316	178 
7317	67 
7318	8 
7319	39 
7320	89 
7321	100 
7322	166 
7323	55 
7324	62 
7325	159 
7326	56 
7327	19 
7328	136 
7329	1 
7330	174 
7331	143 
7332	76 
7333	60 
7334	147 
7335	20 
7336	3 
7337	69 
7338	19 
7339	98 
7340	15 
7341	92 
7342	36 
7343	65 
7344	150 
7345	131 
7346	121 
7347	16 
7348	118 
7349	76 
7350	132 
7351	141 
7352	161 
7353	66 
7354	27 
7355	83 
7356	43 
7357	159 
7358	49 
7359	120 
7360	117 
7361	165 
7362	25 
7363	162 
7364	153 
7365	31 
7366	163 
7367	3 
7368	60 
7369	137 
7370	25 
7371	113 
7372	92 
7373	61 
7374	80 
7375	38 
7376	169 
7377	26 
7378	95 
7379	37 
7380	136 
7381	10 
7382	83 
7383	84 
7384	142 
7385	14 
7386	3 
7387	113 
7388	24 
7389	137 
7390	158 
7391	19 
7392	138 
7393	100 
7394	177 
7395	146 
7396	83 
7397	138 
7398	131 
7399	117 
7400	95 
7401	106 
7402	126 
7403	40 
7404	134 
7405	86 
7406	120 
7407	110 
7408	75 
7409	69 
7410	164 
7411	73 
7412	6 
7413	96 
7414	158 
7415	130 
7416	155 
7417	42 
7418	99 
7419	147 
7420	46 
7421	110 
7422	77 
7423	16 
7424	107 
7425	34 
7426	115 
7427	25 
7428	99 
7429	130 
7430	95 
7431	15 
7432	20 
7433	20 
7434	61 
7435	175 
7436	178 
7437	166 
7438	138 
7439	175 
7440	146 
7441	158 
7442	126 
7443	138 
7444	10 
7445	116 
7446	59 
7447	98 
7448	145 
7449	73 
7450	114 
7451	110 
7452	3 
7453	27 
7454	107 
7455	96 
7456	51 
7457	156 
7458	110 
7459	175 
7460	74 
7461	45 
7462	27 
7463	54 
7464	154 
7465	100 
7466	157 
7467	133 
7468	67 
7469	155 
7470	172 
7471	20 
7472	111 
7473	139 
7474	69 
7475	64 
7476	69 
7477	60 
7478	177 
7479	146 
7480	97 
7481	92 
7482	98 
7483	101 
7484	152 
7485	178 
7486	10 
7487	141 
7488	16 
7489	148 
7490	158 
7491	140 
7492	18 
7493	116 
7494	32 
7495	6 
7496	172 
7497	164 
7498	46 
7499	65 
7500	126 
7501	99 
7502	92 
7503	114 
7504	163 
7505	100 
7506	14 
7507	134 
7508	155 
7509	46 
7510	121 
7511	99 
7512	107 
7513	174 
7514	112 
7515	8 
7516	175 
7517	68 
7518	162 
7519	53 
7520	21 
7521	88 
7522	64 
7523	173 
7524	164 
7525	6 
7526	22 
7527	119 
7528	31 
7529	141 
7530	95 
7531	176 
7532	150 
7533	80 
7534	69 
7535	98 
7536	145 
7537	65 
7538	145 
7539	89 
7540	53 
7541	51 
7542	31 
7543	49 
7544	158 
7545	85 
7546	3 
7547	52 
7548	118 
7549	61 
7550	127 
7551	1 
7552	174 
7553	173 
7554	20 
7555	104 
7556	111 
7557	145 
7558	70 
7559	161 
7560	154 
7561	138 
7562	142 
7563	113 
7564	98 
7565	102 
7566	108 
7567	94 
7568	34 
7569	147 
7570	76 
7571	82 
7572	148 
7573	57 
7574	81 
7575	108 
7576	16 
7577	148 
7578	29 
7579	26 
7580	127 
7581	176 
7582	170 
7583	94 
7584	121 
7585	69 
7586	19 
7587	148 
7588	138 
7589	115 
7590	161 
7591	156 
7592	25 
7593	128 
7594	38 
7595	127 
7596	95 
7597	134 
7598	174 
7599	17 
7600	49 
7601	56 
7602	46 
7603	84 
7604	100 
7605	12 
7606	176 
7607	157 
7608	95 
7609	45 
7610	24 
7611	177 
7612	139 
7613	77 
7614	123 
7615	20 
7616	104 
7617	39 
7618	108 
7619	2 
7620	102 
7621	35 
7622	35 
7623	166 
7624	143 
7625	28 
7626	155 
7627	15 
7628	138 
7629	91 
7630	51 
7631	137 
7632	24 
7633	49 
7634	18 
7635	56 
7636	163 
7637	123 
7638	121 
7639	5 
7640	142 
7641	37 
7642	171 
7643	26 
7644	65 
7645	50 
7646	140 
7647	144 
7648	114 
7649	96 
7650	66 
7651	63 
7652	24 
7653	14 
7654	56 
7655	91 
7656	82 
7657	169 
7658	15 
7659	72 
7660	63 
7661	95 
7662	108 
7663	12 
7664	88 
7665	16 
7666	66 
7667	119 
7668	9 
7669	143 
7670	81 
7671	106 
7672	16 
7673	128 
7674	92 
7675	72 
7676	72 
7677	127 
7678	52 
7679	156 
7680	13 
7681	48 
7682	145 
7683	76 
7684	136 
7685	66 
7686	143 
7687	146 
7688	155 
7689	8 
7690	161 
7691	32 
7692	158 
7693	42 
7694	43 
7695	107 
7696	28 
7697	49 
7698	96 
7699	131 
7700	177 
7701	3 
7702	34 
7703	48 
7704	114 
7705	56 
7706	175 
7707	69 
7708	64 
7709	40 
7710	169 
7711	51 
7712	133 
7713	158 
7714	6 
7715	24 
7716	25 
7717	140 
7718	107 
7719	126 
7720	84 
7721	137 
7722	82 
7723	76 
7724	139 
7725	156 
7726	96 
7727	109 
7728	114 
7729	88 
7730	130 
7731	99 
7732	110 
7733	49 
7734	122 
7735	162 
7736	158 
7737	169 
7738	58 
7739	20 
7740	175 
7741	108 
7742	80 
7743	118 
7744	64 
7745	46 
7746	66 
7747	106 
7748	65 
7749	158 
7750	161 
7751	103 
7752	142 
7753	76 
7754	107 
7755	22 
7756	85 
7757	117 
7758	78 
7759	40 
7760	166 
7761	3 
7762	62 
7763	138 
7764	57 
7765	40 
7766	63 
7767	99 
7768	128 
7769	92 
7770	109 
7771	73 
7772	20 
7773	127 
7774	131 
7775	58 
7776	46 
7777	134 
7778	49 
7779	127 
7780	97 
7781	15 
7782	19 
7783	130 
7784	133 
7785	94 
7786	19 
7787	57 
7788	130 
7789	6 
7790	106 
7791	102 
7792	136 
7793	92 
7794	15 
7795	43 
7796	119 
7797	71 
7798	107 
7799	56 
7800	171 
7801	165 
7802	3 
7803	110 
7804	121 
7805	158 
7806	112 
7807	47 
7808	137 
7809	21 
7810	70 
7811	82 
7812	136 
7813	28 
7814	82 
7815	148 
7816	172 
7817	28 
7818	80 
7819	115 
7820	110 
7821	115 
7822	35 
7823	64 
7824	16 
7825	174 
7826	1 
7827	7 
7828	76 
7829	15 
7830	45 
7831	54 
7832	34 
7833	25 
7834	98 
7835	25 
7836	120 
7837	60 
7838	83 
7839	162 
7840	23 
7841	14 
7842	38 
7843	93 
7844	98 
7845	73 
7846	145 
7847	173 
7848	178 
7849	83 
7850	105 
7851	175 
7852	157 
7853	121 
7854	112 
7855	160 
7856	82 
7857	123 
7858	122 
7859	28 
7860	62 
7861	15 
7862	72 
7863	139 
7864	80 
7865	47 
7866	28 
7867	173 
7868	157 
7869	131 
7870	47 
7871	69 
7872	50 
7873	105 
7874	96 
7875	94 
7876	7 
7877	138 
7878	3 
7879	39 
7880	6 
7881	136 
7882	144 
7883	6 
7884	62 
7885	156 
7886	105 
7887	156 
7888	37 
7889	100 
7890	13 
7891	9 
7892	39 
7893	162 
7894	97 
7895	163 
7896	159 
7897	170 
7898	54 
7899	41 
7900	130 
7901	31 
7902	23 
7903	177 
7904	81 
7905	170 
7906	21 
7907	102 
7908	96 
7909	136 
7910	158 
7911	152 
7912	30 
7913	25 
7914	178 
7915	123 
7916	103 
7917	145 
7918	172 
7919	116 
7920	76 
7921	112 
7922	132 
7923	150 
7924	171 
7925	136 
7926	76 
7927	171 
7928	175 
7929	81 
7930	69 
7931	40 
7932	166 
7933	66 
7934	5 
7935	86 
7936	158 
7937	34 
7938	161 
7939	152 
7940	69 
7941	20 
7942	157 
7943	79 
7944	114 
7945	130 
7946	100 
7947	107 
7948	30 
7949	141 
7950	112 
7951	48 
7952	47 
7953	35 
7954	19 
7955	82 
7956	99 
7957	81 
7958	146 
7959	60 
7960	161 
7961	159 
7962	172 
7963	134 
7964	134 
7965	76 
7966	19 
7967	131 
7968	121 
7969	143 
7970	31 
7971	94 
7972	113 
7973	138 
7974	153 
7975	132 
7976	76 
7977	99 
7978	55 
7979	95 
7980	46 
7981	74 
7982	67 
7983	97 
7984	80 
7985	94 
7986	107 
7987	99 
7988	152 
7989	108 
7990	95 
7991	75 
7992	163 
7993	155 
7994	33 
7995	127 
7996	39 
7997	171 
7998	27 
7999	67 
8000	75 
8001	88 
8002	100 
8003	127 
8004	154 
8005	92 
8006	162 
8007	146 
8008	115 
8009	110 
8010	6 
8011	78 
8012	92 
8013	75 
8014	155 
8015	156 
8016	117 
8017	88 
8018	53 
8019	1 
8020	15 
8021	66 
8022	43 
8023	150 
8024	80 
8025	154 
8026	141 
8027	38 
8028	157 
8029	145 
8030	152 
8031	112 
8032	53 
8033	115 
8034	112 
8035	162 
8036	63 
8037	12 
8038	160 
8039	74 
8040	94 
8041	32 
8042	116 
8043	135 
8044	145 
8045	17 
8046	26 
8047	145 
8048	176 
8049	123 
8050	158 
8051	67 
8052	164 
8053	122 
8054	60 
8055	174 
8056	142 
8057	153 
8058	165 
8059	156 
8060	99 
8061	69 
8062	1 
8063	106 
8064	169 
8065	146 
8066	9 
8067	88 
8068	49 
8069	51 
8070	8 
8071	123 
8072	13 
8073	150 
8074	165 
8075	33 
8076	47 
8077	106 
8078	131 
8079	48 
8080	153 
8081	136 
8082	83 
8083	103 
8084	65 
8085	69 
8086	177 
8087	109 
8088	49 
8089	19 
8090	62 
8091	9 
8092	52 
8093	13 
8094	5 
8095	81 
8096	96 
8097	16 
8098	121 
8099	126 
8100	26 
8101	24 
8102	164 
8103	38 
8104	140 
8105	143 
8106	46 
8107	154 
8108	124 
8109	65 
8110	127 
8111	52 
8112	48 
8113	9 
8114	19 
8115	145 
8116	155 
8117	69 
8118	165 
8119	83 
8120	99 
8121	120 
8122	72 
8123	84 
8124	158 
8125	133 
8126	169 
8127	48 
8128	52 
8129	64 
8130	126 
8131	102 
8132	116 
8133	11 
8134	113 
8135	80 
8136	93 
8137	72 
8138	1 
8139	14 
8140	95 
8141	10 
8142	172 
8143	114 
8144	57 
8145	138 
8146	150 
8147	163 
8148	95 
8149	33 
8150	123 
8151	48 
8152	16 
8153	164 
8154	148 
8155	66 
8156	161 
8157	177 
8158	10 
8159	22 
8160	9 
8161	97 
8162	61 
8163	165 
8164	52 
8165	84 
8166	45 
8167	161 
8168	39 
8169	106 
8170	47 
8171	51 
8172	83 
8173	42 
8174	127 
8175	23 
8176	58 
8177	141 
8178	147 
8179	161 
8180	63 
8181	99 
8182	131 
8183	25 
8184	171 
8185	92 
8186	154 
8187	55 
8188	26 
8189	158 
8190	116 
8191	65 
8192	136 
8193	106 
8194	62 
8195	51 
8196	92 
8197	19 
8198	1 
8199	74 
8200	24 
8201	170 
8202	10 
8203	103 
8204	160 
8205	49 
8206	176 
8207	39 
8208	163 
8209	1 
8210	49 
8211	52 
8212	148 
8213	175 
8214	105 
8215	106 
8216	163 
8217	159 
8218	46 
8219	45 
8220	27 
8221	75 
8222	99 
8223	28 
8224	172 
8225	57 
8226	93 
8227	72 
8228	61 
8229	92 
8230	30 
8231	8 
8232	66 
8233	177 
8234	71 
8235	165 
8236	121 
8237	76 
8238	24 
8239	170 
8240	126 
8241	57 
8242	70 
8243	71 
8244	132 
8245	72 
8246	70 
8247	113 
8248	142 
8249	135 
8250	74 
8251	23 
8252	82 
8253	160 
8254	66 
8255	8 
8256	69 
8257	83 
8258	137 
8259	58 
8260	33 
8261	54 
8262	158 
8263	48 
8264	34 
8265	33 
8266	38 
8267	105 
8268	29 
8269	127 
8270	165 
8271	35 
8272	19 
8273	88 
8274	32 
8275	164 
8276	10 
8277	27 
8278	28 
8279	64 
8280	137 
8281	116 
8282	75 
8283	121 
8284	105 
8285	86 
8286	146 
8287	121 
8288	166 
8289	79 
8290	170 
8291	20 
8292	138 
8293	115 
8294	174 
8295	75 
8296	76 
8297	113 
8298	17 
8299	150 
8300	62 
8301	154 
8302	89 
8303	173 
8304	165 
8305	103 
8306	127 
8307	64 
8308	43 
8309	71 
8310	110 
8311	156 
8312	39 
8313	161 
8314	121 
8315	80 
8316	173 
8317	63 
8318	61 
8319	171 
8320	38 
8321	16 
8322	20 
8323	119 
8324	170 
8325	49 
8326	10 
8327	114 
8328	145 
8329	130 
8330	24 
8331	169 
8332	75 
8333	16 
8334	70 
8335	119 
8336	148 
8337	130 
8338	69 
8339	138 
8340	84 
8341	48 
8342	14 
8343	49 
8344	100 
8345	60 
8346	80 
8347	11 
8348	82 
8349	98 
8350	31 
8351	10 
8352	92 
8353	56 
8354	31 
8355	135 
8356	37 
8357	70 
8358	166 
8359	75 
8360	86 
8361	13 
8362	23 
8363	52 
8364	62 
8365	57 
8366	60 
8367	141 
8368	26 
8369	103 
8370	6 
8371	138 
8372	48 
8373	172 
8374	6 
8375	48 
8376	65 
8377	166 
8378	140 
8379	25 
8380	170 
8381	46 
8382	59 
8383	102 
8384	25 
8385	154 
8386	138 
8387	130 
8388	142 
8389	99 
8390	31 
8391	93 
8392	119 
8393	13 
8394	164 
8395	161 
8396	27 
8397	74 
8398	105 
8399	133 
8400	11 
8401	70 
8402	164 
8403	37 
8404	138 
8405	62 
8406	39 
8407	46 
8408	97 
8409	72 
8410	114 
8411	19 
8412	40 
8413	107 
8414	155 
8415	40 
8416	26 
8417	69 
8418	141 
8419	31 
8420	177 
8421	12 
8422	75 
8423	1 
8424	27 
8425	116 
8426	59 
8427	9 
8428	156 
8429	122 
8430	177 
8431	157 
8432	83 
8433	136 
8434	114 
8435	58 
8436	83 
8437	74 
8438	25 
8439	70 
8440	48 
8441	24 
8442	79 
8443	74 
8444	120 
8445	16 
8446	83 
8447	95 
8448	123 
8449	35 
8450	54 
8451	33 
8452	176 
8453	107 
8454	14 
8455	126 
8456	162 
8457	169 
8458	65 
8459	122 
8460	146 
8461	160 
8462	158 
8463	159 
8464	154 
8465	20 
8466	65 
8467	135 
8468	172 
8469	106 
8470	94 
8471	69 
8472	88 
8473	108 
8474	34 
8475	73 
8476	146 
8477	62 
8478	173 
8479	48 
8480	33 
8481	136 
8482	31 
8483	146 
8484	11 
8485	122 
8486	43 
8487	74 
8488	141 
8489	19 
8490	83 
8491	173 
8492	155 
8493	3 
8494	25 
8495	6 
8496	126 
8497	93 
8498	106 
8499	66 
8500	163 
8501	107 
8502	33 
8503	135 
8504	178 
8505	95 
8506	80 
8507	127 
8508	86 
8509	39 
8510	138 
8511	19 
8512	79 
8513	156 
8514	81 
8515	106 
8516	59 
8517	92 
8518	52 
8519	145 
8520	32 
8521	130 
8522	100 
8523	62 
8524	43 
8525	21 
8526	8 
8527	71 
8528	64 
8529	11 
8530	20 
8531	56 
8532	130 
8533	163 
8534	175 
8535	156 
8536	112 
8537	97 
8538	24 
8539	146 
8540	141 
8541	160 
8542	69 
8543	88 
8544	147 
8545	93 
8546	8 
8547	52 
8548	140 
8549	103 
8550	121 
8551	60 
8552	162 
8553	148 
8554	98 
8555	73 
8556	16 
8557	98 
8558	148 
8559	169 
8560	132 
8561	142 
8562	66 
8563	141 
8564	164 
8565	25 
8566	54 
8567	22 
8568	121 
8569	23 
8570	13 
8571	71 
8572	154 
8573	132 
8574	142 
8575	145 
8576	35 
8577	49 
8578	152 
8579	21 
8580	51 
8581	127 
8582	8 
8583	93 
8584	38 
8585	61 
8586	158 
8587	174 
8588	178 
8589	58 
8590	76 
8591	67 
8592	52 
8593	158 
8594	100 
8595	148 
8596	63 
8597	89 
8598	54 
8599	88 
8600	105 
8601	73 
8602	61 
8603	115 
8604	152 
8605	65 
8606	136 
8607	123 
8608	107 
8609	150 
8610	115 
8611	45 
8612	35 
8613	61 
8614	47 
8615	100 
8616	108 
8617	32 
8618	16 
8619	127 
8620	146 
8621	93 
8622	86 
8623	25 
8624	40 
8625	173 
8626	89 
8627	95 
8628	10 
8629	154 
8630	48 
8631	82 
8632	123 
8633	103 
8634	71 
8635	155 
8636	8 
8637	59 
8638	79 
8639	45 
8640	97 
8641	60 
8642	11 
8643	8 
8644	164 
8645	113 
8646	107 
8647	79 
8648	113 
8649	108 
8650	89 
8651	51 
8652	67 
8653	110 
8654	95 
8655	63 
8656	147 
8657	100 
8658	25 
8659	146 
8660	72 
8661	88 
8662	100 
8663	63 
8664	11 
8665	86 
8666	25 
8667	110 
8668	148 
8669	161 
8670	27 
8671	146 
8672	42 
8673	146 
8674	43 
8675	72 
8676	8 
8677	66 
8678	84 
8679	146 
8680	115 
8681	119 
8682	97 
8683	48 
8684	158 
8685	52 
8686	9 
8687	178 
8688	164 
8689	120 
8690	115 
8691	156 
8692	107 
8693	65 
8694	8 
8695	61 
8696	70 
8697	174 
8698	105 
8699	59 
8700	110 
8701	114 
8702	76 
8703	161 
8704	31 
8705	102 
8706	176 
8707	146 
8708	76 
8709	26 
8710	100 
8711	106 
8712	28 
8713	58 
8714	19 
8715	121 
8716	22 
8717	146 
8718	3 
8719	16 
8720	80 
8721	24 
8722	155 
8723	126 
8724	57 
8725	127 
8726	75 
8727	123 
8728	112 
8729	60 
8730	110 
8731	70 
8732	88 
8733	148 
8734	141 
8735	71 
8736	94 
8737	65 
8738	19 
8739	106 
8740	30 
8741	157 
8742	100 
8743	115 
8744	121 
8745	75 
8746	10 
8747	127 
8748	23 
8749	141 
8750	46 
8751	8 
8752	155 
8753	122 
8754	107 
8755	83 
8756	33 
8757	65 
8758	49 
8759	12 
8760	158 
8761	119 
8762	154 
8763	17 
8764	93 
8765	34 
8766	155 
8767	115 
8768	44 
8769	80 
8770	145 
8771	60 
8772	73 
8773	161 
8774	176 
8775	17 
8776	25 
8777	139 
8778	27 
8779	39 
8780	59 
8781	48 
8782	139 
8783	62 
8784	45 
8785	178 
8786	156 
8787	156 
8788	124 
8789	123 
8790	139 
8791	11 
8792	45 
8793	65 
8794	66 
8795	17 
8796	75 
8797	145 
8798	56 
8799	42 
8800	114 
8801	14 
8802	75 
8803	8 
8804	175 
8805	92 
8806	64 
8807	169 
8808	52 
8809	141 
8810	95 
8811	148 
8812	20 
8813	14 
8814	39 
8815	62 
8816	9 
8817	178 
8818	21 
8819	39 
8820	24 
8821	157 
8822	34 
8823	92 
8824	178 
8825	79 
8826	169 
8827	147 
8828	89 
8829	62 
8830	172 
8831	74 
8832	34 
8833	14 
8834	178 
8835	126 
8836	147 
8837	123 
8838	31 
8839	138 
8840	103 
8841	161 
8842	80 
8843	84 
8844	158 
8845	156 
8846	27 
8847	57 
8848	177 
8849	27 
8850	88 
8851	97 
8852	148 
8853	115 
8854	46 
8855	17 
8856	83 
8857	64 
8858	99 
8859	82 
8860	42 
8861	116 
8862	49 
8863	82 
8864	1 
8865	71 
8866	34 
8867	123 
8868	133 
8869	112 
8870	176 
8871	165 
8872	26 
8873	148 
8874	11 
8875	12 
8876	88 
8877	34 
8878	20 
8879	175 
8880	157 
8881	27 
8882	30 
8883	58 
8884	176 
8885	84 
8886	37 
8887	19 
8888	141 
8889	160 
8890	38 
8891	116 
8892	63 
8893	24 
8894	22 
8895	145 
8896	108 
8897	152 
8898	123 
8899	130 
8900	19 
8901	80 
8902	75 
8903	95 
8904	69 
8905	164 
8906	15 
8907	83 
8908	23 
8909	32 
8910	130 
8911	56 
8912	124 
8913	43 
8914	172 
8915	146 
8916	97 
8917	49 
8918	130 
8919	57 
8920	71 
8921	88 
8922	160 
8923	146 
8924	172 
8925	115 
8926	160 
8927	66 
8928	48 
8929	74 
8930	28 
8931	108 
8932	16 
8933	58 
8934	110 
8935	82 
8936	64 
8937	76 
8938	142 
8939	169 
8940	99 
8941	148 
8942	105 
8943	164 
8944	54 
8945	157 
8946	145 
8947	28 
8948	48 
8949	16 
8950	32 
8951	162 
8952	150 
8953	75 
8954	95 
8955	62 
8956	54 
8957	145 
8958	59 
8959	26 
8960	157 
8961	173 
8962	127 
8963	15 
8964	38 
8965	163 
8966	65 
8967	146 
8968	123 
8969	83 
8970	121 
8971	62 
8972	99 
8973	169 
8974	42 
8975	54 
8976	58 
8977	107 
8978	157 
8979	69 
8980	116 
8981	175 
8982	34 
8983	80 
8984	95 
8985	3 
8986	12 
8987	107 
8988	161 
8989	165 
8990	42 
8991	74 
8992	81 
8993	74 
8994	13 
8995	150 
8996	135 
8997	127 
8998	127 
8999	121 
9000	52 
9001	39 
9002	165 
9003	176 
9004	115 
9005	95 
9006	115 
9007	177 
9008	119 
9009	178 
9010	156 
9011	74 
9012	116 
9013	81 
9014	19 
9015	133 
9016	66 
9017	93 
9018	22 
9019	71 
9020	27 
9021	54 
9022	93 
9023	130 
9024	136 
9025	139 
9026	147 
9027	154 
9028	146 
9029	109 
9030	67 
9031	25 
9032	83 
9033	148 
9034	165 
9035	161 
9036	51 
9037	123 
9038	157 
9039	158 
9040	52 
9041	81 
9042	121 
9043	79 
9044	145 
9045	8 
9046	19 
9047	147 
9048	24 
9049	40 
9050	43 
9051	130 
9052	156 
9053	150 
9054	80 
9055	62 
9056	10 
9057	107 
9058	156 
9059	176 
9060	169 
9061	58 
9062	65 
9063	148 
9064	66 
9065	114 
9066	51 
9067	44 
9068	58 
9069	163 
9070	107 
9071	174 
9072	66 
9073	21 
9074	97 
9075	21 
9076	169 
9077	148 
9078	158 
9079	100 
9080	86 
9081	69 
9082	157 
9083	15 
9084	44 
9085	19 
9086	22 
9087	99 
9088	62 
9089	115 
9090	25 
9091	158 
9092	152 
9093	11 
9094	26 
9095	146 
9096	20 
9097	28 
9098	146 
9099	114 
9100	56 
9101	148 
9102	31 
9103	174 
9104	75 
9105	95 
9106	23 
9107	145 
9108	32 
9109	89 
9110	66 
9111	71 
9112	63 
9113	148 
9114	99 
9115	116 
9116	75 
9117	73 
9118	150 
9119	162 
9120	58 
9121	145 
9122	105 
9123	166 
9124	47 
9125	88 
9126	95 
9127	130 
9128	92 
9129	45 
9130	177 
9131	74 
9132	74 
9133	176 
9134	123 
9135	71 
9136	93 
9137	140 
9138	6 
9139	71 
9140	88 
9141	64 
9142	69 
9143	34 
9144	9 
9145	107 
9146	147 
9147	121 
9148	109 
9149	10 
9150	47 
9151	100 
9152	46 
9153	48 
9154	154 
9155	63 
9156	16 
9157	178 
9158	25 
9159	142 
9160	114 
9161	26 
9162	130 
9163	86 
9164	156 
9165	95 
9166	42 
9167	130 
9168	88 
9169	47 
9170	148 
9171	86 
9172	120 
9173	157 
9174	23 
9175	43 
9176	138 
9177	157 
9178	27 
9179	65 
9180	123 
9181	163 
9182	157 
9183	114 
9184	140 
9185	163 
9186	152 
9187	174 
9188	133 
9189	31 
9190	145 
9191	23 
9192	174 
9193	127 
9194	161 
9195	115 
9196	146 
9197	164 
9198	19 
9199	152 
9200	162 
9201	146 
9202	35 
9203	156 
9204	49 
9205	123 
9206	109 
9207	61 
9208	58 
9209	106 
9210	22 
9211	52 
9212	89 
9213	69 
9214	32 
9215	112 
9216	62 
9217	20 
9218	93 
9219	141 
9220	146 
9221	25 
9222	67 
9223	84 
9224	10 
9225	120 
9226	119 
9227	3 
9228	61 
9229	99 
9230	107 
9231	39 
9232	116 
9233	107 
9234	172 
9235	99 
9236	146 
9237	19 
9238	61 
9239	25 
9240	120 
9241	43 
9242	126 
9243	64 
9244	157 
9245	99 
9246	54 
9247	71 
9248	79 
9249	67 
9250	76 
9251	105 
9252	42 
9253	46 
9254	123 
9255	106 
9256	103 
9257	160 
9258	115 
9259	114 
9260	32 
9261	67 
9262	34 
9263	37 
9264	161 
9265	147 
9266	103 
9267	65 
9268	56 
9269	27 
9270	56 
9271	92 
9272	86 
9273	108 
9274	166 
9275	37 
9276	57 
9277	139 
9278	162 
9279	27 
9280	25 
9281	146 
9282	99 
9283	88 
9284	21 
9285	49 
9286	123 
9287	150 
9288	142 
9289	39 
9290	6 
9291	8 
9292	79 
9293	100 
9294	81 
9295	54 
9296	165 
9297	169 
9298	155 
9299	178 
9300	152 
9301	43 
9302	115 
9303	62 
9304	108 
9305	65 
9306	165 
9307	107 
9308	65 
9309	135 
9310	147 
9311	97 
9312	80 
9313	27 
9314	157 
9315	73 
9316	37 
9317	73 
9318	103 
9319	145 
9320	116 
9321	59 
9322	154 
9323	88 
9324	103 
9325	108 
9326	20 
9327	166 
9328	178 
9329	99 
9330	74 
9331	19 
9332	56 
9333	109 
9334	49 
9335	19 
9336	75 
9337	9 
9338	69 
9339	136 
9340	106 
9341	51 
9342	75 
9343	46 
9344	54 
9345	156 
9346	119 
9347	174 
9348	56 
9349	9 
9350	64 
9351	106 
9352	160 
9353	21 
9354	39 
9355	63 
9356	146 
9357	164 
9358	155 
9359	116 
9360	140 
9361	66 
9362	172 
9363	17 
9364	31 
9365	61 
9366	172 
9367	109 
9368	9 
9369	33 
9370	166 
9371	86 
9372	126 
9373	46 
9374	133 
9375	95 
9376	139 
9377	33 
9378	174 
9379	20 
9380	25 
9381	8 
9382	136 
9383	84 
9384	28 
9385	99 
9386	48 
9387	145 
9388	136 
9389	79 
9390	94 
9391	126 
9392	127 
9393	1 
9394	103 
9395	65 
9396	152 
9397	64 
9398	133 
9399	174 
9400	99 
9401	99 
9402	56 
9403	109 
9404	75 
9405	44 
9406	63 
9407	145 
9408	26 
9409	88 
9410	116 
9411	26 
9412	15 
9413	67 
9414	6 
9415	15 
9416	166 
9417	99 
9418	39 
9419	51 
9420	163 
9421	103 
9422	127 
9423	112 
9424	75 
9425	75 
9426	23 
9427	71 
9428	107 
9429	174 
9430	121 
9431	165 
9432	112 
9433	16 
9434	107 
9435	24 
9436	31 
9437	97 
9438	19 
9439	32 
9440	116 
9441	177 
9442	3 
9443	45 
9444	43 
9445	174 
9446	169 
9447	57 
9448	42 
9449	145 
9450	139 
9451	160 
9452	112 
9453	106 
9454	162 
9455	33 
9456	161 
9457	17 
9458	34 
9459	106 
9460	49 
9461	95 
9462	74 
9463	94 
9464	75 
9465	44 
9466	116 
9467	3 
9468	126 
9469	114 
9470	43 
9471	120 
9472	22 
9473	52 
9474	88 
9475	43 
9476	114 
9477	15 
9478	52 
9479	13 
9480	48 
9481	126 
9482	71 
9483	17 
9484	169 
9485	40 
9486	39 
9487	43 
9488	10 
9489	161 
9490	61 
9491	166 
9492	22 
9493	13 
9494	127 
9495	173 
9496	126 
9497	54 
9498	67 
9499	123 
9500	12 
9501	63 
9502	24 
9503	12 
9504	42 
9505	157 
9506	33 
9507	165 
9508	157 
9509	75 
9510	27 
9511	16 
9512	158 
9513	162 
9514	156 
9515	80 
9516	116 
9517	133 
9518	10 
9519	142 
9520	64 
9521	94 
9522	173 
9523	155 
9524	11 
9525	176 
9526	130 
9527	86 
9528	66 
9529	26 
9530	9 
9531	86 
9532	107 
9533	84 
9534	3 
9535	155 
9536	3 
9537	12 
9538	37 
9539	35 
9540	177 
9541	105 
9542	15 
9543	74 
9544	120 
9545	126 
9546	76 
9547	107 
9548	162 
9549	160 
9550	11 
9551	6 
9552	94 
9553	107 
9554	24 
9555	147 
9556	108 
9557	34 
9558	71 
9559	156 
9560	19 
9561	84 
9562	69 
9563	88 
9564	10 
9565	88 
9566	139 
9567	161 
9568	157 
9569	97 
9570	145 
9571	100 
9572	27 
9573	11 
9574	130 
9575	37 
9576	9 
9577	173 
9578	45 
9579	126 
9580	12 
9581	49 
9582	74 
9583	147 
9584	103 
9585	8 
9586	115 
9587	88 
9588	49 
9589	16 
9590	130 
9591	75 
9592	10 
9593	136 
9594	107 
9595	35 
9596	140 
9597	166 
9598	31 
9599	1 
9600	123 
9601	162 
9602	119 
9603	99 
9604	19 
9605	3 
9606	15 
9607	136 
9608	105 
9609	28 
9610	35 
9611	130 
9612	62 
9613	158 
9614	54 
9615	146 
9616	106 
9617	24 
9618	69 
9619	42 
9620	121 
9621	107 
9622	13 
9623	74 
9624	99 
9625	115 
9626	23 
9627	22 
9628	34 
9629	49 
9630	160 
9631	136 
9632	6 
9633	33 
9634	155 
9635	178 
9636	25 
9637	123 
9638	126 
9639	3 
9640	54 
9641	11 
9642	155 
9643	123 
9644	13 
9645	172 
9646	145 
9647	1 
9648	156 
9649	156 
9650	9 
9651	127 
9652	152 
9653	157 
9654	115 
9655	99 
9656	166 
9657	45 
9658	19 
9659	115 
9660	19 
9661	67 
9662	54 
9663	64 
9664	114 
9665	43 
9666	20 
9667	45 
9668	76 
9669	21 
9670	63 
9671	150 
9672	100 
9673	16 
9674	86 
9675	8 
9676	115 
9677	75 
9678	164 
9679	1 
9680	121 
9681	19 
9682	26 
9683	145 
9684	174 
9685	99 
9686	95 
9687	79 
9688	16 
9689	150 
9690	177 
9691	133 
9692	63 
9693	42 
9694	97 
9695	63 
9696	56 
9697	130 
9698	141 
9699	75 
9700	119 
9701	139 
9702	94 
9703	67 
9704	69 
9705	178 
9706	145 
9707	86 
9708	63 
9709	116 
9710	158 
9711	3 
9712	154 
9713	54 
9714	130 
9715	79 
9716	156 
9717	27 
9718	48 
9719	155 
9720	51 
9721	42 
9722	99 
9723	27 
9724	28 
9725	100 
9726	46 
9727	95 
9728	45 
9729	146 
9730	160 
9731	174 
9732	108 
9733	48 
9734	6 
9735	130 
9736	146 
9737	105 
9738	57 
9739	106 
9740	40 
9741	26 
9742	34 
9743	154 
9744	147 
9745	114 
9746	161 
9747	99 
9748	21 
9749	164 
9750	176 
9751	49 
9752	141 
9753	28 
9754	148 
9755	95 
9756	71 
9757	33 
9758	42 
9759	23 
9760	141 
9761	40 
9762	100 
9763	15 
9764	64 
9765	94 
9766	115 
9767	16 
9768	25 
9769	112 
9770	40 
9771	105 
9772	37 
9773	25 
9774	114 
9775	145 
9776	178 
9777	160 
9778	173 
9779	116 
9780	161 
9781	127 
9782	63 
9783	31 
9784	141 
9785	84 
9786	24 
9787	32 
9788	114 
9789	97 
9790	154 
9791	45 
9792	148 
9793	48 
9794	160 
9795	161 
9796	107 
9797	89 
9798	130 
9799	154 
9800	65 
9801	56 
9802	156 
9803	48 
9804	162 
9805	107 
9806	39 
9807	35 
9808	177 
9809	97 
9810	177 
9811	177 
9812	155 
9813	19 
9814	48 
9815	92 
9816	103 
9817	147 
9818	28 
9819	8 
9820	164 
9821	64 
9822	97 
9823	65 
9824	89 
9825	121 
9826	105 
9827	127 
9828	154 
9829	9 
9830	34 
9831	133 
9832	94 
9833	3 
9834	147 
9835	130 
9836	155 
9837	8 
9838	123 
9839	76 
9840	115 
9841	123 
9842	155 
9843	56 
9844	177 
9845	10 
9846	69 
9847	21 
9848	52 
9849	20 
9850	114 
9851	158 
9852	42 
9853	150 
9854	43 
9855	114 
9856	26 
9857	114 
9858	146 
9859	146 
9860	34 
9861	166 
9862	42 
9863	157 
9864	130 
9865	145 
9866	121 
9867	174 
9868	97 
9869	130 
9870	114 
9871	65 
9872	155 
9873	157 
9874	57 
9875	154 
9876	100 
9877	80 
9878	139 
9879	138 
9880	12 
9881	148 
9882	164 
9883	6 
9884	64 
9885	157 
9886	100 
9887	148 
9888	28 
9889	145 
9890	57 
9891	10 
9892	63 
9893	156 
9894	107 
9895	114 
9896	100 
9897	154 
9898	100 
9899	164 
9900	169 
9901	80 
9902	114 
9903	43 
9904	156 
9905	19 
9906	107 
9907	158 
9908	161 
9909	177 
9910	39 
9911	63 
9912	123 
9913	69 
9914	158 
9915	145 
9916	154 
9917	89 
9918	54 
9919	115 
9920	138 
9921	76 
9922	57 
9923	62 
9924	141 
9925	169 
9926	130 
9927	69 
9928	141 
9929	46 
9930	145 
9931	3 
9932	63 
9933	123 
9934	48 
9935	88 
9936	34 
9937	79 
9938	10 
9939	121 
9940	57 
9941	49 
9942	108 
9943	6 
9944	75 
9945	3 
9946	62 
9947	25 
9948	119 
9949	39 
9950	145 
9951	46 
9952	16 
9953	12 
9954	148 
9955	51 
9956	64 
9957	12 
9958	48 
9959	74 
9960	88 
9961	136 
9962	86 
9963	155 
9964	174 
9965	99 
9966	46 
9967	32 
9968	94 
9969	65 
9970	100 
9971	46 
9972	83 
9973	64 
9974	95 
9975	97 
9976	172 
9977	166 
9978	106 
9979	146 
9980	10 
9981	130 
9982	115 
9983	12 
9984	34 
9985	148 
9986	108 
9987	46 
9988	138 
9989	54 
9990	20 
9991	45 
9992	10 
9993	88 
9994	173 
9995	89 
9996	8 
9997	27 
9998	22 
9999	130 
10000	32 
